# ----- Rotor performance tables for the XANTM26 wind turbine ----- 
# ------------ Written on Mar-22-24 using the ROSCO toolbox ------------ 

# Pitch angle vector, 36 entries - x axis (matrix columns) (deg)
-5.0   -4.0   -3.0   -2.0   -1.0   0.0   1.0   2.0   3.0   4.0   5.0   6.0   7.0   8.0   9.0   10.0   11.0   12.0   13.0   14.0   15.0   16.0   17.0   18.0   19.0   20.0   21.0   22.0   23.0   24.0   25.0   26.0   27.0   28.0   29.0   30.0   
# TSR vector, 26 entries - y axis (matrix rows) (-)
2.0    2.5    3.0    3.5    4.0    4.5    5.0    5.5    6.0    6.5    7.0    7.5    8.0    8.5    9.0    9.5    10.0    10.5    11.0    11.5    12.0    12.5    13.0    13.5    14.0    14.5    
# Wind speed vector - z axis (m/s)
10.0    

# Power coefficient

0.016205   0.017992   0.019780   0.021565   0.023343   0.025106   0.026845   0.028551   0.030217   0.031837   0.033409   0.034935   0.036424   0.037891   0.039358   0.040845   0.042365   0.043909   0.045432   0.046845   0.048027   0.048847   0.049199   0.049022   0.048316   0.047120   0.045491   0.043489   0.041170   0.038586   0.035777   0.032775   0.029595   0.026249   0.022747   0.019111   
0.031522   0.034404   0.037228   0.039978   0.042644   0.045218   0.047703   0.050115   0.052484   0.054852   0.057260   0.059728   0.062222   0.064634   0.066781   0.068438   0.069402   0.069541   0.068827   0.067313   0.065087   0.062255   0.058918   0.055171   0.051096   0.046753   0.042175   0.037375   0.032356   0.027123   0.021710   0.016180   0.010640   0.005218   0.000046   -0.004781   
0.053200   0.057189   0.061017   0.064699   0.068275   0.071815   0.075394   0.079059   0.082778   0.086386   0.089591   0.092036   0.093412   0.093550   0.092439   0.090167   0.086873   0.082709   0.077835   0.072407   0.066557   0.060380   0.053925   0.047205   0.040212   0.032938   0.025405   0.017682   0.009900   0.002249   -0.005051   -0.011825   -0.018003   -0.023613   -0.028706   -0.033277   
0.080589   0.085697   0.090694   0.095714   0.100854   0.106078   0.111129   0.115566   0.118875   0.120661   0.120728   0.119082   0.115844   0.111205   0.105385   0.098622   0.091144   0.083148   0.074771   0.066083   0.057094   0.047779   0.038114   0.028099   0.017795   0.007357   -0.002962   -0.012844   -0.022009   -0.030308   -0.037725   -0.044301   -0.050043   -0.054945   -0.058935   -0.061657   
0.113143   0.119941   0.126900   0.133849   0.140332   0.145702   0.149337   0.150828   0.150027   0.147005   0.141964   0.135198   0.127022   0.117753   0.107690   0.097081   0.086082   0.074748   0.063064   0.050981   0.038449   0.025462   0.012108   -0.001392   -0.014681   -0.027342   -0.039003   -0.049428   -0.058536   -0.066339   -0.072793   -0.077465   -0.080267   -0.083152   -0.087568   -0.092852   
0.151311   0.160272   0.168688   0.175737   0.180609   0.182763   0.181999   0.178391   0.172207   0.163826   0.153652   0.142081   0.129500   0.116241   0.102531   0.088447   0.073957   0.058993   0.043481   0.027380   0.010746   -0.006196   -0.023043   -0.039285   -0.054403   -0.067926   -0.079541   -0.089045   -0.095803   -0.099767   -0.103579   -0.108892   -0.115227   -0.122291   -0.129521   -0.136321   
0.194092   0.203806   0.211151   0.215331   0.215976   0.213076   0.206861   0.197765   0.186281   0.172885   0.158049   0.142231   0.125790   0.108894   0.091541   0.073653   0.055141   0.035916   0.015941   -0.004657   -0.025505   -0.046050   -0.065660   -0.083604   -0.099073   -0.111146   -0.118592   -0.123727   -0.129780   -0.136689   -0.144622   -0.153230   -0.161748   -0.169612   -0.177707   -0.186513   
0.238052   0.245866   0.249687   0.249284   0.244723   0.236360   0.224753   0.210475   0.194082   0.176125   0.157119   0.137446   0.117239   0.096447   0.074971   0.052699   0.029514   0.005374   -0.019527   -0.044693   -0.069457   -0.093009   -0.114105   -0.130717   -0.141164   -0.149075   -0.157118   -0.165390   -0.174598   -0.184541   -0.194307   -0.204098   -0.214931   -0.226314   -0.237763   -0.249078   
0.279187   0.283378   0.282681   0.277182   0.267314   0.253743   0.237118   0.218050   0.197148   0.175012   0.152077   0.128475   0.104132   0.078927   0.052722   0.025380   -0.003160   -0.032683   -0.062613   -0.092161   -0.120152   -0.144094   -0.160702   -0.173307   -0.184482   -0.194370   -0.204529   -0.215475   -0.226568   -0.238724   -0.252347   -0.266471   -0.280635   -0.294592   -0.308300   -0.322120   
0.315577   0.315579   0.310101   0.299611   0.284840   0.266480   0.245195   0.221651   0.196530   0.170374   0.143362   0.115412   0.086393   0.056154   0.024541   -0.008550   -0.042949   -0.078032   -0.112820   -0.145435   -0.171449   -0.191588   -0.209181   -0.222816   -0.234366   -0.245857   -0.257875   -0.272002   -0.288333   -0.305422   -0.322613   -0.339605   -0.356361   -0.373215   -0.390328   -0.407923   
0.346681   0.342485   0.332535   0.317575   0.298343   0.275531   0.249846   0.222047   0.192821   0.162473   0.130953   0.098126   0.063835   0.027916   -0.009780   -0.049178   -0.089666   -0.129969   -0.166940   -0.196784   -0.224018   -0.246636   -0.263255   -0.276275   -0.288344   -0.303039   -0.321453   -0.341533   -0.362059   -0.382447   -0.402642   -0.423003   -0.443528   -0.464389   -0.485910   -0.508240   
0.372503   0.364604   0.350824   0.331912   0.308572   0.281538   0.251620   0.219662   0.186198   0.151264   0.114737   0.076467   0.036288   -0.005957   -0.050321   -0.096296   -0.142254   -0.183591   -0.219691   -0.255219   -0.284222   -0.304973   -0.319393   -0.332801   -0.351189   -0.373375   -0.397204   -0.421354   -0.445315   -0.469494   -0.493952   -0.518654   -0.543816   -0.569587   -0.596231   -0.624056   
0.393357   0.382601   0.365643   0.343193   0.315991   0.284883   0.250840   0.214677   0.176639   0.136649   0.094581   0.050302   0.003649   -0.045516   -0.096872   -0.148578   -0.194977   -0.238577   -0.282830   -0.320032   -0.346760   -0.363727   -0.379839   -0.401124   -0.426734   -0.454408   -0.482496   -0.510756   -0.539447   -0.568466   -0.597953   -0.627820   -0.658246   -0.689595   -0.722191   -0.756347   
0.409676   0.396968   0.377401   0.351742   0.320884   0.285849   0.247710   0.207090   0.164044   0.118522   0.070423   0.019593   -0.034122   -0.090588   -0.148073   -0.200146   -0.251183   -0.304557   -0.351589   -0.386722   -0.409142   -0.428938   -0.452261   -0.480747   -0.512240   -0.544771   -0.577976   -0.611603   -0.645788   -0.680505   -0.715564   -0.751129   -0.787575   -0.825266   -0.864616   -0.906109   
0.421724   0.407963   0.386333   0.357819   0.323502   0.284618   0.242246   0.196810   0.148372   0.096887   0.042238   -0.015705   -0.076904   -0.140029   -0.198301   -0.255904   -0.318361   -0.376148   -0.422209   -0.453964   -0.479345   -0.504531   -0.534941   -0.569910   -0.607308   -0.645923   -0.685058   -0.724932   -0.765328   -0.806125   -0.847366   -0.889345   -0.932509   -0.977395   -1.024643   -1.074848   
0.429554   0.415764   0.392673   0.361615   0.323974   0.281226   0.234417   0.183867   0.129644   0.071710   0.009982   -0.055520   -0.123891   -0.188935   -0.251741   -0.322662   -0.391305   -0.449921   -0.494820   -0.529406   -0.558034   -0.589353   -0.626896   -0.669072   -0.713468   -0.758741   -0.804800   -0.851385   -0.898456   -0.945958   -0.994002   -1.043095   -1.093919   -1.147246   -1.203762   -1.263875   
0.433180   0.420514   0.396540   0.363201   0.322360   0.275743   0.224279   0.168272   0.107827   0.042951   -0.026315   -0.099366   -0.171862   -0.238446   -0.316433   -0.395349   -0.466840   -0.527126   -0.575732   -0.611891   -0.644626   -0.683160   -0.729204   -0.779410   -0.831399   -0.884203   -0.937545   -0.991428   -1.045769   -1.100521   -1.156107   -1.213348   -1.273112   -1.336128   -1.403076   -1.474187   
0.432576   0.422216   0.397953   0.362665   0.318793   0.268225   0.211837   0.149996   0.082882   0.010614   -0.066412   -0.145751   -0.217272   -0.299276   -0.387242   -0.471062   -0.546493   -0.613143   -0.662889   -0.700969   -0.739449   -0.787456   -0.842650   -0.901640   -0.961822   -1.022552   -1.083828   -1.145569   -1.207719   -1.270494   -1.334727   -1.401355   -1.471174   -1.544993   -1.623601   -1.706779   
0.427937   0.420818   0.397010   0.360138   0.313344   0.258676   0.197068   0.129009   0.054803   -0.025222   -0.109589   -0.189156   -0.271418   -0.366668   -0.461653   -0.550465   -0.635802   -0.705326   -0.755761   -0.797012   -0.844519   -0.902741   -0.968065   -1.036182   -1.104999   -1.174328   -1.244079   -1.314253   -1.385016   -1.456949   -1.530986   -1.608016   -1.688970   -1.774815   -1.866378   -1.962627   
0.419704   0.416321   0.393793   0.355690   0.306032   0.247082   0.179950   0.105296   0.023595   -0.064230   -0.153548   -0.234211   -0.334005   -0.438310   -0.538459   -0.640106   -0.731952   -0.802890   -0.854473   -0.902255   -0.960314   -1.029923   -1.105673   -1.183306   -1.261439   -1.339905   -1.418745   -1.498218   -1.578711   -1.660867   -1.745659   -1.834143   -1.927417   -2.026602   -2.132423   -2.242703   
0.408509   0.408751   0.388328   0.349353   0.296849   0.233424   0.160464   0.078845   -0.010645   -0.105708   -0.193200   -0.290161   -0.401304   -0.511274   -0.625244   -0.737373   -0.833880   -0.905604   -0.961090   -1.017432   -1.087784   -1.169147   -1.255712   -1.343485   -1.431479   -1.519727   -1.608576   -1.698464   -1.789653   -1.882943   -1.979512   -2.080594   -2.187454   -2.301367   -2.422719   -2.547975   
0.394725   0.398259   0.380616   0.341132   0.285777   0.217688   0.138595   0.049652   -0.047636   -0.147230   -0.237191   -0.351702   -0.470430   -0.591902   -0.720488   -0.841093   -0.940894   -1.015216   -1.076304   -1.143782   -1.227038   -1.320652   -1.418579   -1.517027   -1.615550   -1.714536   -1.814521   -1.915725   -2.018481   -2.123898   -2.233348   -2.348245   -2.470029   -2.600121   -2.738233   -2.879422   
0.378589   0.385070   0.370629   0.331013   0.272803   0.199853   0.114324   0.017788   -0.086863   -0.183726   -0.291327   -0.416654   -0.542470   -0.682238   -0.822575   -0.950515   -1.054065   -1.132467   -1.201385   -1.281568   -1.378286   -1.484811   -1.594536   -1.704337   -1.814364   -1.925228   -2.037239   -2.150591   -2.265876   -2.384486   -2.507988   -2.637982   -2.776095   -2.923860   -3.079925   -3.238039   
0.360324   0.369478   0.358317   0.318978   0.257909   0.179899   0.087634   -0.016568   -0.126929   -0.223523   -0.350029   -0.481654   -0.624870   -0.779666   -0.930860   -1.065783   -1.174503   -1.258208   -1.336971   -1.430940   -1.541906   -1.661839   -1.783952   -1.906081   -2.028772   -2.152414   -2.277282   -2.403696   -2.532542   -2.665474   -2.804256   -2.950691   -3.106608   -3.273556   -3.448758   -3.624835   
0.340098   0.351699   0.343635   0.305002   0.241071   0.157805   0.058547   -0.053117   -0.161583   -0.273786   -0.411119   -0.552162   -0.715047   -0.883510   -1.044785   -1.188457   -1.302378   -1.393377   -1.483320   -1.592271   -1.718119   -1.852021   -1.987426   -2.123070   -2.259352   -2.396607   -2.535241   -2.675702   -2.819200   -2.967634   -3.122983   -3.287264   -3.462531   -3.650158   -3.845695   -4.040849   
0.317998   0.331812   0.326606   0.289054   0.222263   0.133544   0.027152   -0.091253   -0.195241   -0.328396   -0.471271   -0.632694   -0.811661   -0.993120   -1.165706   -1.318232   -1.438974   -1.538071   -1.640944   -1.765788   -1.907176   -2.055854   -2.205731   -2.355869   -2.506585   -2.658364   -2.811730   -2.967283   -3.126573   -3.291742   -3.464999   -3.648597   -3.844821   -4.054604   -4.271705   -4.487130   


#  Thrust coefficient

0.067728   0.067540   0.067358   0.067180   0.067003   0.066823   0.066637   0.066442   0.066237   0.066021   0.065796   0.065567   0.065344   0.065142   0.064981   0.064877   0.064837   0.064847   0.064865   0.064814   0.064597   0.064110   0.063268   0.062021   0.060360   0.058304   0.055885   0.053146   0.050141   0.046921   0.043520   0.039962   0.036261   0.032429   0.028484   0.024453   
0.087998   0.088052   0.088096   0.088124   0.088133   0.088120   0.088092   0.088065   0.088069   0.088139   0.088304   0.088568   0.088892   0.089181   0.089286   0.089032   0.088256   0.086850   0.084773   0.082041   0.078708   0.074852   0.070568   0.065949   0.061069   0.055978   0.050699   0.045243   0.039619   0.033844   0.027955   0.022026   0.016170   0.010525   0.005227   0.000381   
0.114674   0.114951   0.115187   0.115402   0.115637   0.115950   0.116387   0.116964   0.117631   0.118250   0.118599   0.118404   0.117417   0.115472   0.112516   0.108584   0.103777   0.098234   0.092106   0.085535   0.078632   0.071474   0.064106   0.056541   0.048779   0.040821   0.032696   0.024486   0.016336   0.008453   0.001073   -0.005615   -0.011531   -0.016703   -0.021190   -0.024996   
0.147568   0.148077   0.148659   0.149385   0.150285   0.151302   0.152251   0.152813   0.152582   0.151201   0.148453   0.144287   0.138783   0.132101   0.124442   0.116017   0.107025   0.097634   0.087969   0.078096   0.068029   0.057748   0.047228   0.036484   0.025596   0.014738   0.004194   -0.005690   -0.014601   -0.022375   -0.028998   -0.034519   -0.038963   -0.042366   -0.044715   -0.045699   
0.186708   0.187781   0.189051   0.190410   0.191532   0.191905   0.190987   0.188387   0.183932   0.177641   0.169671   0.160266   0.149707   0.138278   0.126253   0.113855   0.101228   0.088423   0.075418   0.062166   0.048628   0.034812   0.020833   0.006952   -0.006431   -0.018843   -0.029881   -0.039289   -0.046981   -0.052985   -0.057308   -0.059603   -0.059870   -0.060127   -0.061811   -0.064298   
0.232259   0.233898   0.235254   0.235667   0.234455   0.231136   0.225480   0.217482   0.207330   0.195350   0.181922   0.167425   0.152215   0.136595   0.120756   0.104756   0.088563   0.072109   0.055326   0.038193   0.020799   0.003428   -0.013453   -0.029283   -0.043483   -0.055532   -0.065095   -0.072006   -0.075720   -0.076310   -0.076509   -0.078013   -0.080426   -0.083515   -0.086751   -0.089548   
0.283189   0.284042   0.283189   0.279942   0.273898   0.264933   0.253190   0.239057   0.223017   0.205542   0.187077   0.168024   0.148688   0.129207   0.109562   0.089674   0.069460   0.048846   0.027835   0.006614   -0.014381   -0.034527   -0.053101   -0.069268   -0.082172   -0.090940   -0.094445   -0.095144   -0.096301   -0.097999   -0.100545   -0.103712   -0.106816   -0.109296   -0.111978   -0.115290   
0.336677   0.334376   0.328975   0.320138   0.307832   0.292367   0.274302   0.254220   0.232657   0.210118   0.187058   0.163786   0.140393   0.116816   0.092959   0.068724   0.044024   0.018850   -0.006543   -0.031565   -0.055430   -0.077188   -0.095500   -0.108341   -0.114123   -0.116587   -0.118455   -0.119984   -0.122083   -0.124786   -0.127348   -0.130001   -0.133745   -0.138034   -0.142284   -0.146175   
0.389580   0.382136   0.370675   0.355216   0.336192   0.314294   0.290186   0.264477   0.237728   0.210446   0.182978   0.155404   0.127638   0.099572   0.071075   0.042014   0.012367   -0.017558   -0.047044   -0.075147   -0.100551   -0.120681   -0.132269   -0.138723   -0.142673   -0.144415   -0.145691   -0.147322   -0.148990   -0.151790   -0.156214   -0.161266   -0.166362   -0.171109   -0.175310   -0.179144   
0.439913   0.426167   0.407873   0.385534   0.359956   0.331891   0.302007   0.270917   0.239201   0.207284   0.175279   0.143089   0.110561   0.077536   0.043871   0.009514   -0.025249   -0.059638   -0.092497   -0.121788   -0.143000   -0.156855   -0.166647   -0.171159   -0.172398   -0.172608   -0.172739   -0.174796   -0.179235   -0.184717   -0.190497   -0.196110   -0.201324   -0.206271   -0.210901   -0.215194   
0.486950   0.466248   0.440949   0.411950   0.380078   0.346061   0.310570   0.274257   0.237666   0.200992   0.164119   0.126873   0.089091   0.050629   0.011393   -0.028459   -0.068145   -0.106160   -0.139193   -0.163350   -0.182988   -0.196166   -0.201700   -0.202133   -0.200288   -0.200111   -0.203384   -0.208589   -0.214651   -0.220884   -0.227009   -0.233148   -0.239062   -0.244641   -0.249930   -0.254798   
0.530419   0.502669   0.470640   0.435242   0.397261   0.357423   0.316447   0.275001   0.233414   0.191614   0.149426   0.106690   0.063262   0.018995   -0.026107   -0.071355   -0.114858   -0.151825   -0.181477   -0.208213   -0.226206   -0.233931   -0.233458   -0.230137   -0.230392   -0.233932   -0.239360   -0.245664   -0.252241   -0.259231   -0.266421   -0.273457   -0.280243   -0.286594   -0.292423   -0.297681   
0.570488   0.536027   0.497573   0.455970   0.412007   0.366450   0.320051   0.273350   0.226416   0.179094   0.131229   0.082658   0.033209   -0.017217   -0.068152   -0.117488   -0.159343   -0.195926   -0.230405   -0.255186   -0.267049   -0.266847   -0.263405   -0.263184   -0.266256   -0.271418   -0.277652   -0.284725   -0.292627   -0.300888   -0.309279   -0.317356   -0.324897   -0.331849   -0.338110   -0.343562   
0.607567   0.566817   0.522197   0.474554   0.424698   0.373438   0.321528   0.269305   0.216689   0.163525   0.109641   0.054862   -0.000947   -0.057576   -0.113077   -0.160753   -0.204523   -0.247421   -0.280874   -0.299489   -0.302564   -0.300148   -0.298663   -0.300514   -0.304855   -0.310801   -0.318345   -0.326986   -0.336411   -0.346173   -0.355653   -0.364562   -0.372785   -0.380184   -0.386654   -0.392162   
0.641986   0.595391   0.544857   0.491279   0.435538   0.378534   0.320955   0.262926   0.204321   0.144983   0.084736   0.023437   -0.038850   -0.100703   -0.155099   -0.205616   -0.257280   -0.300668   -0.328844   -0.339263   -0.340019   -0.337373   -0.337145   -0.340010   -0.345381   -0.353052   -0.362274   -0.372775   -0.383834   -0.394819   -0.405268   -0.414918   -0.423622   -0.431305   -0.437987   -0.443711   
0.673950   0.621992   0.565756   0.506308   0.444686   0.381875   0.318405   0.254281   0.189382   0.123551   0.056642   -0.011341   -0.079511   -0.141596   -0.198008   -0.258329   -0.312197   -0.351963   -0.373837   -0.381635   -0.379794   -0.376911   -0.377459   -0.381700   -0.388966   -0.398508   -0.409826   -0.422053   -0.434543   -0.446666   -0.457919   -0.468124   -0.477249   -0.485351   -0.492414   -0.498327   
0.703513   0.646747   0.585033   0.519799   0.452296   0.383547   0.313938   0.243445   0.171956   0.099341   0.025567   -0.048829   -0.119664   -0.181097   -0.249285   -0.313648   -0.365842   -0.401893   -0.421808   -0.425215   -0.420828   -0.418037   -0.420247   -0.426416   -0.435798   -0.447549   -0.460713   -0.474582   -0.488402   -0.501441   -0.513365   -0.524178   -0.533936   -0.542553   -0.549900   -0.555880   
0.730685   0.669743   0.602827   0.531883   0.458470   0.383622   0.307632   0.230494   0.152133   0.072508   -0.008099   -0.087480   -0.155595   -0.229305   -0.303674   -0.368446   -0.419065   -0.455551   -0.470519   -0.469119   -0.462923   -0.461813   -0.465949   -0.474433   -0.486083   -0.499815   -0.514809   -0.530194   -0.545122   -0.558994   -0.571742   -0.583382   -0.593781   -0.602801   -0.610330   -0.616292   
0.755706   0.691039   0.619231   0.542674   0.463308   0.382173   0.299554   0.215506   0.130035   0.043270   -0.043552   -0.121783   -0.198009   -0.281412   -0.358469   -0.422737   -0.477118   -0.510161   -0.519077   -0.513215   -0.507607   -0.508394   -0.514965   -0.525758   -0.539510   -0.555232   -0.571912   -0.588628   -0.604628   -0.619550   -0.633303   -0.645722   -0.656664   -0.666006   -0.673642   -0.679520   
0.778931   0.710640   0.634343   0.552282   0.466888   0.379261   0.289771   0.198574   0.105790   0.012058   -0.078545   -0.156033   -0.246488   -0.334937   -0.411916   -0.482718   -0.537068   -0.564647   -0.567159   -0.559245   -0.554996   -0.558261   -0.567163   -0.580151   -0.596021   -0.613580   -0.631801   -0.649881   -0.667187   -0.683287   -0.697973   -0.711092   -0.722513   -0.732115   -0.739795   -0.745539   
0.800812   0.728614   0.648250   0.560791   0.469262   0.374941   0.278358   0.179792   0.079607   -0.020384   -0.107936   -0.198945   -0.297208   -0.386604   -0.471078   -0.545720   -0.597589   -0.618409   -0.616368   -0.607547   -0.605619   -0.611210   -0.622355   -0.637557   -0.655392   -0.674675   -0.694525   -0.714221   -0.732899   -0.750104   -0.765662   -0.779431   -0.791283   -0.801092   -0.808763   -0.814343   
0.821676   0.745140   0.661014   0.568259   0.470479   0.369278   0.265386   0.159260   0.051843   -0.051731   -0.139944   -0.245327   -0.347146   -0.442028   -0.534479   -0.610301   -0.657701   -0.672762   -0.667059   -0.658896   -0.659258   -0.667073   -0.680492   -0.697758   -0.717463   -0.738594   -0.760350   -0.781689   -0.801662   -0.819924   -0.836317   -0.850702   -0.862944   -0.872912   -0.880534   -0.885927   
0.841765   0.760443   0.672666   0.574727   0.470592   0.362328   0.250927   0.137136   0.023043   -0.076862   -0.180055   -0.292907   -0.396697   -0.503301   -0.600258   -0.675447   -0.718069   -0.728188   -0.720026   -0.713230   -0.715727   -0.725825   -0.741368   -0.760607   -0.782323   -0.805596   -0.829285   -0.852180   -0.873409   -0.892702   -0.909906   -0.924877   -0.937474   -0.947557   -0.955104   -0.960290   
0.861300   0.774787   0.683212   0.580236   0.469649   0.354145   0.235048   0.113668   -0.005469   -0.103712   -0.222834   -0.338081   -0.452980   -0.567670   -0.667519   -0.740919   -0.779598   -0.785105   -0.775578   -0.770324   -0.775019   -0.787274   -0.804836   -0.826184   -0.850220   -0.875677   -0.901227   -0.925629   -0.948096   -0.968407   -0.986405   -1.001938   -1.014856   -1.025019   -1.032471   -1.037430   
0.880453   0.788371   0.692663   0.584820   0.467691   0.344783   0.217849   0.089192   -0.027571   -0.139054   -0.266068   -0.385521   -0.513540   -0.634217   -0.735396   -0.808018   -0.842115   -0.844149   -0.833586   -0.830183   -0.836975   -0.851263   -0.870954   -0.894733   -0.921159   -0.948741   -0.976112   -1.001995   -1.025696   -1.047019   -1.065797   -1.081870   -1.095077   -1.105292   -1.112633   -1.117345   
0.899346   0.801296   0.701078   0.588507   0.464757   0.334285   0.199482   0.064295   -0.047442   -0.177053   -0.306109   -0.439777   -0.576825   -0.702063   -0.804845   -0.876255   -0.906592   -0.905090   -0.894180   -0.892674   -0.901438   -0.917808   -0.939955   -0.966279   -0.995044   -1.024724   -1.053897   -1.081253   -1.106192   -1.128521   -1.148068   -1.164662   -1.178129   -1.188376   -1.195591   -1.200038   


# Torque coefficient

0.008227   0.009135   0.010042   0.010949   0.011852   0.012747   0.013629   0.014496   0.015342   0.016164   0.016962   0.017737   0.018493   0.019238   0.019983   0.020738   0.021509   0.022293   0.023067   0.023784   0.024384   0.024800   0.024979   0.024889   0.024531   0.023924   0.023097   0.022080   0.020903   0.019590   0.018165   0.016640   0.015026   0.013327   0.011549   0.009703   
0.012803   0.013974   0.015121   0.016238   0.017321   0.018366   0.019376   0.020355   0.021317   0.022279   0.023257   0.024260   0.025273   0.026253   0.027124   0.027798   0.028189   0.028246   0.027956   0.027340   0.026437   0.025286   0.023931   0.022409   0.020754   0.018990   0.017130   0.015181   0.013142   0.011017   0.008818   0.006572   0.004322   0.002119   0.000019   -0.001942   
0.018007   0.019357   0.020653   0.021899   0.023110   0.024308   0.025519   0.026759   0.028018   0.029239   0.030324   0.031152   0.031618   0.031664   0.031288   0.030519   0.029404   0.027995   0.026345   0.024508   0.022528   0.020437   0.018252   0.015978   0.013611   0.011149   0.008599   0.005985   0.003351   0.000761   -0.001710   -0.004002   -0.006094   -0.007992   -0.009716   -0.011264   
0.023381   0.024863   0.026312   0.027769   0.029260   0.030775   0.032241   0.033528   0.034488   0.035006   0.035026   0.034548   0.033609   0.032263   0.030575   0.028612   0.026443   0.024123   0.021693   0.019172   0.016564   0.013862   0.011058   0.008152   0.005163   0.002134   -0.000859   -0.003726   -0.006385   -0.008793   -0.010945   -0.012853   -0.014519   -0.015941   -0.017098   -0.017888   
0.028722   0.030448   0.032214   0.033978   0.035624   0.036988   0.037910   0.038289   0.038085   0.037318   0.036039   0.034321   0.032245   0.029892   0.027338   0.024645   0.021852   0.018975   0.016009   0.012942   0.009761   0.006464   0.003074   -0.000353   -0.003727   -0.006941   -0.009901   -0.012548   -0.014860   -0.016841   -0.018479   -0.019665   -0.020376   -0.021109   -0.022230   -0.023571   
0.034143   0.036165   0.038064   0.039655   0.040754   0.041241   0.041068   0.040254   0.038859   0.036967   0.034672   0.032061   0.029222   0.026230   0.023136   0.019958   0.016688   0.013312   0.009812   0.006178   0.002425   -0.001398   -0.005200   -0.008865   -0.012276   -0.015328   -0.017948   -0.020093   -0.021618   -0.022513   -0.023373   -0.024572   -0.026001   -0.027595   -0.029226   -0.030761   
0.039417   0.041390   0.042882   0.043731   0.043862   0.043273   0.042010   0.040163   0.037831   0.035110   0.032097   0.028885   0.025546   0.022115   0.018591   0.014958   0.011198   0.007294   0.003237   -0.000946   -0.005180   -0.009352   -0.013335   -0.016979   -0.020120   -0.022572   -0.024084   -0.025127   -0.026356   -0.027760   -0.029371   -0.031119   -0.032849   -0.034446   -0.036090   -0.037878   
0.043950   0.045392   0.046098   0.046024   0.045182   0.043637   0.041495   0.038859   0.035832   0.032517   0.029008   0.025376   0.021645   0.017806   0.013841   0.009729   0.005449   0.000992   -0.003605   -0.008251   -0.012823   -0.017172   -0.021066   -0.024133   -0.026062   -0.027523   -0.029008   -0.030535   -0.032235   -0.034071   -0.035874   -0.037681   -0.039681   -0.041783   -0.043897   -0.045986   
0.047249   0.047958   0.047840   0.046910   0.045240   0.042943   0.040129   0.036902   0.033365   0.029619   0.025737   0.021743   0.017623   0.013357   0.008923   0.004295   -0.000535   -0.005531   -0.010596   -0.015597   -0.020334   -0.024386   -0.027197   -0.029330   -0.031221   -0.032895   -0.034614   -0.036467   -0.038344   -0.040401   -0.042707   -0.045097   -0.047494   -0.049856   -0.052176   -0.054515   
0.049299   0.049300   0.048444   0.046805   0.044498   0.041629   0.038304   0.034626   0.030702   0.026616   0.022396   0.018030   0.013496   0.008772   0.003834   -0.001336   -0.006709   -0.012190   -0.017625   -0.022720   -0.026784   -0.029930   -0.032678   -0.034808   -0.036612   -0.038408   -0.040285   -0.042492   -0.045043   -0.047713   -0.050398   -0.053053   -0.055671   -0.058303   -0.060977   -0.063725   
0.050290   0.049681   0.048238   0.046068   0.043278   0.039969   0.036243   0.032210   0.027971   0.023569   0.018996   0.014234   0.009260   0.004050   -0.001419   -0.007134   -0.013007   -0.018853   -0.024216   -0.028546   -0.032496   -0.035777   -0.038188   -0.040077   -0.041827   -0.043959   -0.046630   -0.049543   -0.052521   -0.055478   -0.058408   -0.061361   -0.064339   -0.067365   -0.070487   -0.073726   
0.050433   0.049364   0.047498   0.044938   0.041778   0.038118   0.034067   0.029740   0.025209   0.020480   0.015534   0.010353   0.004913   -0.000807   -0.006813   -0.013037   -0.019260   -0.024856   -0.029744   -0.034554   -0.038481   -0.041290   -0.043243   -0.045058   -0.047548   -0.050551   -0.053778   -0.057047   -0.060291   -0.063565   -0.066876   -0.070221   -0.073627   -0.077117   -0.080724   -0.084491   
0.049928   0.048563   0.046410   0.043561   0.040108   0.036160   0.031839   0.027249   0.022421   0.017345   0.012005   0.006385   0.000463   -0.005777   -0.012296   -0.018859   -0.024748   -0.030282   -0.035899   -0.040621   -0.044014   -0.046167   -0.048212   -0.050914   -0.054165   -0.057677   -0.061242   -0.064829   -0.068471   -0.072154   -0.075897   -0.079688   -0.083550   -0.087529   -0.091666   -0.096002   
0.048941   0.047423   0.045085   0.042020   0.038333   0.034148   0.029592   0.024739   0.019597   0.014159   0.008413   0.002341   -0.004076   -0.010822   -0.017689   -0.023910   -0.030007   -0.036383   -0.042001   -0.046199   -0.048877   -0.051242   -0.054028   -0.057431   -0.061193   -0.065079   -0.069046   -0.073063   -0.077147   -0.081294   -0.085483   -0.089731   -0.094085   -0.098588   -0.103289   -0.108246   
0.047581   0.046029   0.043588   0.040371   0.036499   0.032112   0.027331   0.022205   0.016740   0.010931   0.004766   -0.001772   -0.008677   -0.015799   -0.022373   -0.028872   -0.035919   -0.042439   -0.047636   -0.051219   -0.054082   -0.056924   -0.060355   -0.064300   -0.068520   -0.072876   -0.077292   -0.081791   -0.086348   -0.090951   -0.095604   -0.100341   -0.105211   -0.110275   -0.115606   -0.121270   
0.045914   0.044440   0.041972   0.038652   0.034629   0.030059   0.025056   0.019653   0.013857   0.007665   0.001067   -0.005934   -0.013242   -0.020195   -0.026908   -0.034488   -0.041825   -0.048091   -0.052890   -0.056587   -0.059647   -0.062994   -0.067007   -0.071515   -0.076260   -0.081100   -0.086023   -0.091002   -0.096033   -0.101111   -0.106246   -0.111493   -0.116926   -0.122626   -0.128667   -0.135092   
0.043986   0.042700   0.040266   0.036880   0.032733   0.028000   0.022774   0.017087   0.010949   0.004361   -0.002672   -0.010090   -0.017451   -0.024212   -0.032131   -0.040145   -0.047404   -0.053526   -0.058461   -0.062133   -0.065457   -0.069370   -0.074045   -0.079143   -0.084422   -0.089784   -0.095201   -0.100672   -0.106190   -0.111750   -0.117394   -0.123207   -0.129275   -0.135674   -0.142472   -0.149693   
0.041833   0.040831   0.038485   0.035072   0.030830   0.025939   0.020486   0.014506   0.008015   0.001026   -0.006423   -0.014095   -0.021012   -0.028942   -0.037449   -0.045555   -0.052850   -0.059295   -0.064106   -0.067789   -0.071510   -0.076153   -0.081490   -0.087195   -0.093015   -0.098888   -0.104814   -0.110785   -0.116795   -0.122866   -0.129078   -0.135521   -0.142273   -0.149412   -0.157014   -0.165058   
0.039504   0.038846   0.036649   0.033245   0.028925   0.023879   0.018192   0.011909   0.005059   -0.002328   -0.010116   -0.017461   -0.025055   -0.033848   -0.042616   -0.050814   -0.058692   -0.065110   -0.069765   -0.073573   -0.077959   -0.083333   -0.089364   -0.095652   -0.102004   -0.108404   -0.114843   -0.121321   -0.127853   -0.134493   -0.141328   -0.148438   -0.155911   -0.163836   -0.172288   -0.181173   
0.037059   0.036760   0.034771   0.031407   0.027022   0.021817   0.015889   0.009297   0.002083   -0.005671   -0.013558   -0.020680   -0.029492   -0.038702   -0.047545   -0.056520   -0.064630   -0.070894   -0.075448   -0.079667   -0.084794   -0.090940   -0.097629   -0.104484   -0.111382   -0.118311   -0.125272   -0.132290   -0.139397   -0.146651   -0.154138   -0.161951   -0.170187   -0.178945   -0.188289   -0.198026   
0.034568   0.034588   0.032860   0.029562   0.025119   0.019752   0.013578   0.006672   -0.000901   -0.008945   -0.016348   -0.024553   -0.033958   -0.043263   -0.052907   -0.062396   -0.070562   -0.076631   -0.081326   -0.086094   -0.092047   -0.098932   -0.106257   -0.113684   -0.121130   -0.128598   -0.136116   -0.143722   -0.151438   -0.159333   -0.167504   -0.176058   -0.185100   -0.194739   -0.205008   -0.215607   
0.032065   0.032352   0.030919   0.027712   0.023215   0.017684   0.011259   0.004033   -0.003870   -0.011960   -0.019268   -0.028570   -0.038215   -0.048083   -0.058528   -0.068325   -0.076433   -0.082470   -0.087433   -0.092914   -0.099677   -0.107282   -0.115237   -0.123234   -0.131238   -0.139279   -0.147401   -0.155622   -0.163970   -0.172533   -0.181424   -0.190758   -0.200651   -0.211219   -0.222438   -0.233907   
0.029571   0.030078   0.028950   0.025855   0.021309   0.015610   0.008930   0.001389   -0.006785   -0.014351   -0.022755   -0.032545   -0.042372   -0.053289   -0.064251   -0.074244   -0.082333   -0.088457   -0.093840   -0.100103   -0.107658   -0.115978   -0.124549   -0.133125   -0.141719   -0.150379   -0.159128   -0.167982   -0.176987   -0.186252   -0.195898   -0.206052   -0.216840   -0.228382   -0.240572   -0.252922   
0.027102   0.027791   0.026951   0.023992   0.019399   0.013531   0.006592   -0.001246   -0.009547   -0.016813   -0.026328   -0.036228   -0.047001   -0.058644   -0.070016   -0.080165   -0.088342   -0.094638   -0.100563   -0.107631   -0.115977   -0.124998   -0.134183   -0.143369   -0.152598   -0.161898   -0.171290   -0.180798   -0.190490   -0.200488   -0.210927   -0.221941   -0.233669   -0.246226   -0.259404   -0.272648   
0.024667   0.025509   0.024924   0.022122   0.017485   0.011446   0.004246   -0.003853   -0.011720   -0.019858   -0.029819   -0.040049   -0.051863   -0.064081   -0.075779   -0.086199   -0.094462   -0.101062   -0.107586   -0.115488   -0.124616   -0.134328   -0.144149   -0.153987   -0.163872   -0.173827   -0.183882   -0.194070   -0.204478   -0.215244   -0.226511   -0.238427   -0.251139   -0.264748   -0.278930   -0.293085   
0.022269   0.023237   0.022872   0.020242   0.015565   0.009352   0.001901   -0.006390   -0.013673   -0.022997   -0.033003   -0.044307   -0.056840   -0.069548   -0.081634   -0.092315   -0.100771   -0.107710   -0.114914   -0.123657   -0.133558   -0.143970   -0.154466   -0.164980   -0.175535   -0.186164   -0.196904   -0.207797   -0.218952   -0.230519   -0.242652   -0.255509   -0.269251   -0.283942   -0.299145   -0.314231   

