# ----- Rotor performance tables for the NREL15kW wind turbine ----- 
# ------------ Written on Sep-30-25 using the ROSCO toolbox ------------ 

# Pitch angle vector, 36 entries - x axis (matrix columns) (deg)
-5.0   -4.0   -3.0   -2.0   -1.0   0.0   1.0   2.0   3.0   4.0   5.0   6.0   7.0   8.0   9.0   10.0   11.0   12.0   13.0   14.0   15.0   16.0   17.0   18.0   19.0   20.0   21.0   22.0   23.0   24.0   25.0   26.0   27.0   28.0   29.0   30.0   
# TSR vector, 49 entries - y axis (matrix rows) (-)
0.5    1.0    1.5    2.0    2.5    3.0    3.5    4.0    4.5    5.0    5.5    6.0    6.5    7.0    7.5    8.0    8.5    9.0    9.5    10.0    10.5    11.0    11.5    12.0    12.5    13.0    13.5    14.0    14.5    15.0    15.5    16.0    16.5    17.0    17.5    18.0    18.5    19.0    19.5    20.0    20.5    21.0    21.5    22.0    22.5    23.0    23.5    24.0    24.5    
# Wind speed vector - z axis (m/s)
12.0    

# Power coefficient

-0.001383   -0.001168   -0.000953   -0.000737   -0.000521   -0.000305   -0.000090   0.000126   0.000340   0.000554   0.000767   0.000979   0.001190   0.001399   0.001607   0.001814   0.002019   0.002223   0.002425   0.002625   0.002824   0.003021   0.003216   0.003409   0.003601   0.003791   0.003980   0.004167   0.004352   0.004536   0.004718   0.004899   0.005079   0.005257   0.005434   0.005609   
-0.004070   -0.003461   -0.002852   -0.002244   -0.001636   -0.001030   -0.000424   0.000180   0.000782   0.001383   0.001983   0.002579   0.003174   0.003766   0.004355   0.004942   0.005525   0.006106   0.006683   0.007257   0.007828   0.008395   0.008958   0.009517   0.010072   0.010623   0.011170   0.011712   0.012249   0.012781   0.013308   0.013830   0.014346   0.014857   0.015361   0.015857   
-0.006439   -0.005101   -0.003765   -0.002432   -0.001103   0.000222   0.001542   0.002857   0.004165   0.005466   0.006760   0.008045   0.009321   0.010587   0.011843   0.013088   0.014321   0.015541   0.016747   0.017940   0.019118   0.020280   0.021426   0.022554   0.023663   0.024748   0.025802   0.026813   0.027764   0.028634   0.029396   0.030017   0.030462   0.030698   0.030695   0.030432   
-0.006774   -0.004267   -0.001773   0.000705   0.003166   0.005608   0.008030   0.010429   0.012803   0.015152   0.017474   0.019765   0.022024   0.024250   0.026440   0.028593   0.030706   0.032776   0.034796   0.036754   0.038630   0.040391   0.041997   0.043396   0.044525   0.045321   0.045717   0.045659   0.045111   0.044066   0.042552   0.040631   0.038397   0.035949   0.033355   0.030652   
-0.003945   0.000211   0.004325   0.008393   0.012411   0.016375   0.020282   0.024128   0.027909   0.031621   0.035261   0.038823   0.042303   0.045692   0.048974   0.052117   0.055072   0.057772   0.060134   0.062056   0.063429   0.064141   0.064098   0.063243   0.061566   0.059113   0.055996   0.052373   0.048428   0.044286   0.040002   0.035571   0.030999   0.026289   0.021479   0.016640   
0.002632   0.008930   0.015132   0.021229   0.027215   0.033083   0.038827   0.044438   0.049911   0.055236   0.060393   0.065350   0.070046   0.074392   0.078273   0.081544   0.084044   0.085598   0.086048   0.085283   0.083267   0.080041   0.075746   0.070589   0.064837   0.058720   0.052348   0.045713   0.038802   0.031681   0.024466   0.017271   0.010130   0.003093   -0.003832   -0.010637   
0.013188   0.022117   0.030859   0.039403   0.047737   0.055848   0.063726   0.071350   0.078682   0.085651   0.092146   0.098013   0.103058   0.107056   0.109761   0.110935   0.110404   0.108095   0.104043   0.098403   0.091423   0.083448   0.074821   0.065747   0.056267   0.046368   0.036182   0.025917   0.015706   0.005649   -0.004195   -0.013788   -0.023126   -0.032237   -0.041153   -0.049896   
0.027715   0.039747   0.051456   0.062825   0.073838   0.084463   0.094647   0.104294   0.113245   0.121287   0.128152   0.133528   0.137084   0.138508   0.137592   0.134264   0.128579   0.120733   0.111059   0.100011   0.088052   0.075470   0.062338   0.048678   0.034734   0.020773   0.007006   -0.006437   -0.019457   -0.032033   -0.044219   -0.056085   -0.067697   -0.079110   -0.090372   -0.101525   
0.046019   0.061594   0.076658   0.091178   0.105095   0.118308   0.130636   0.141823   0.151541   0.159399   0.164970   0.167846   0.167717   0.164437   0.157992   0.148551   0.136482   0.122339   0.106808   0.090395   0.073296   0.055501   0.037251   0.018977   0.000990   -0.016482   -0.033300   -0.049456   -0.065052   -0.080222   -0.095086   -0.109730   -0.124224   -0.138628   -0.153003   -0.167388   
0.067750   0.087263   0.105991   0.123845   0.140661   0.156177   0.170030   0.181770   0.190889   0.196857   0.199212   0.197636   0.191960   0.182217   0.168741   0.152128   0.133252   0.112962   0.091740   0.069680   0.046792   0.023609   0.000687   -0.021594   -0.043009   -0.063532   -0.083275   -0.102418   -0.121147   -0.139605   -0.157903   -0.176138   -0.194394   -0.212732   -0.231181   -0.249754   
0.092374   0.116126   0.138679   0.159816   0.179191   0.196341   0.210701   0.221648   0.228551   0.230863   0.228168   0.220259   0.207296   0.189827   0.168693   0.145048   0.119849   0.093600   0.066264   0.037931   0.009463   -0.018463   -0.045431   -0.071299   -0.096121   -0.120058   -0.143351   -0.166248   -0.188943   -0.211583   -0.234289   -0.257153   -0.280231   -0.303553   -0.327129   -0.350959   
0.119113   0.147254   0.173565   0.197634   0.218906   0.236715   0.250324   0.258962   0.261923   0.258698   0.249118   0.233487   0.212502   0.187195   0.158959   0.128890   0.097536   0.064745   0.030675   -0.003505   -0.036952   -0.069231   -0.100224   -0.130010   -0.158794   -0.186885   -0.214617   -0.242244   -0.269946   -0.297864   -0.326110   -0.354747   -0.383795   -0.413253   -0.443108   -0.473338   
0.146849   0.179301   0.209027   0.235403   0.257673   0.274962   0.286303   0.290886   0.288159   0.277994   0.260749   0.237180   0.208427   0.176060   0.141362   0.104977   0.066698   0.026616   -0.013766   -0.053354   -0.091642   -0.128487   -0.163970   -0.198331   -0.231936   -0.265201   -0.298458   -0.331939   -0.365824   -0.400245   -0.435263   -0.470890   -0.507113   -0.543909   -0.581247   -0.619093   
0.174111   0.210470   0.242931   0.270723   0.292807   0.308057   0.315606   0.314892   0.305749   0.288481   0.263779   0.232751   0.197047   0.158193   0.117013   0.073396   0.027219   -0.019792   -0.066145   -0.111172   -0.154654   -0.196643   -0.237382   -0.277260   -0.316768   -0.356360   -0.396343   -0.436938   -0.478301   -0.520501   -0.563545   -0.607416   -0.652081   -0.697498   -0.743615   -0.790376   
0.198764   0.238271   0.272413   0.300244   0.320822   0.333091   0.336388   0.330433   0.315294   0.291441   0.259817   0.222005   0.179811   0.134362   0.085817   0.033807   -0.020085   -0.073756   -0.126241   -0.177172   -0.226517   -0.274478   -0.321443   -0.367952   -0.414587   -0.461772   -0.509781   -0.558812   -0.608963   -0.660247   -0.712641   -0.766100   -0.820566   -0.875968   -0.932234   -0.989293   
0.216402   0.258027   0.292970   0.320196   0.339110   0.349012   0.348978   0.338686   0.318242   0.288302   0.250256   0.206074   0.157308   0.104526   0.047347   -0.013270   -0.074636   -0.135211   -0.194364   -0.251917   -0.307986   -0.362917   -0.417246   -0.471639   -0.526691   -0.582781   -0.640166   -0.698998   -0.759308   -0.821070   -0.884225   -0.948693   -1.014387   -1.081218   -1.149096   -1.217932   
0.220614   0.263602   0.299649   0.328018   0.347344   0.356696   0.354690   0.340935   0.315728   0.280149   0.236062   0.185499   0.129583   0.068239   0.001715   -0.067352   -0.136442   -0.204479   -0.271056   -0.336129   -0.399938   -0.462962   -0.525881   -0.589463   -0.654269   -0.720651   -0.788838   -0.858907   -0.930832   -1.004539   -1.079932   -1.156901   -1.235338   -1.315135   -1.396181   -1.478369   
0.207323   0.252201   0.291054   0.323314   0.346382   0.357278   0.354605   0.338156   0.308689   0.267779   0.217729   0.160376   0.096235   0.025283   -0.050748   -0.128417   -0.205790   -0.282082   -0.356999   -0.430596   -0.503238   -0.575552   -0.648370   -0.722509   -0.798490   -0.876640   -0.957123   -1.039934   -1.124991   -1.212177   -1.301361   -1.392414   -1.485203   -1.579594   -1.675457   -1.772657   
0.179778   0.227904   0.270684   0.307865   0.337016   0.351751   0.349642   0.331160   0.297748   0.251637   0.195383   0.130414   0.056911   -0.024270   -0.109933   -0.196716   -0.283165   -0.368619   -0.452862   -0.536059   -0.618711   -0.701604   -0.785714   -0.871860   -0.960522   -1.051985   -1.146315   -1.243436   -1.343211   -1.445488   -1.550110   -1.656918   -1.765753   -1.876456   -1.988870   -2.102836   
0.145266   0.197897   0.244638   0.285926   0.320571   0.340973   0.340496   0.320456   0.283253   0.231868   0.168877   0.095220   0.011465   -0.080353   -0.176000   -0.272638   -0.369062   -0.464663   -0.559301   -0.653257   -0.747184   -0.842038   -0.938915   -1.038594   -1.141515   -1.247887   -1.357679   -1.470745   -1.586906   -1.705974   -1.827761   -1.952081   -2.078744   -2.207565   -2.338356   -2.470937   
0.105633   0.164044   0.215578   0.260610   0.299356   0.325569   0.327600   0.306305   0.265361   0.208437   0.137885   0.054536   -0.040197   -0.142984   -0.249218   -0.356602   -0.463989   -0.570799   -0.676977   -0.782935   -0.889492   -0.997777   -1.108961   -1.223764   -1.342585   -1.465528   -1.592463   -1.723187   -1.857478   -1.995118   -2.135885   -2.279559   -2.425923   -2.574758   -2.725852   -2.878992   
0.061178   0.126380   0.183516   0.232698   0.274766   0.305911   0.311166   0.288831   0.244096   0.181140   0.102082   0.008236   -0.098089   -0.212283   -0.329945   -0.449063   -0.568467   -0.687619   -0.806560   -0.925847   -1.046467   -1.169724   -1.296815   -1.428408   -1.564836   -1.706073   -1.851902   -2.002070   -2.156319   -2.314394   -2.476041   -2.641004   -2.809032   -2.979875   -3.153289   -3.329030   
0.012150   0.084961   0.148338   0.202119   0.247237   0.282339   0.291273   0.268055   0.219369   0.149732   0.061302   -0.043788   -0.162275   -0.288520   -0.418579   -0.550480   -0.683026   -0.815725   -0.948727   -1.082739   -1.218927   -1.358763   -1.503433   -1.653556   -1.809355   -1.970670   -2.137214   -2.308692   -2.484810   -2.665273   -2.849789   -3.038064   -3.229813   -3.424751   -3.622598   -3.823077   
-0.041307   0.039770   0.109928   0.168700   0.217005   0.255251   0.267934   0.243977   0.191058   0.113999   0.015433   -0.101667   -0.232888   -0.372032   -0.515530   -0.661327   -0.808202   -0.955719   -1.104143   -1.254343   -1.407679   -1.565773   -1.729766   -1.900219   -2.077207   -2.260449   -2.449609   -2.644349   -2.844332   -3.049222   -3.258685   -3.472389   -3.690008   -3.911221   -4.135708   -4.363156   
-0.098965   -0.009227   0.068152   0.132277   0.183992   0.224915   0.241149   0.216547   0.158981   0.073770   -0.035655   -0.165524   -0.310144   -0.463184   -0.621217   -0.782077   -0.944527   -1.108192   -1.273465   -1.441393   -1.613533   -1.791623   -1.976749   -2.169388   -2.369440   -2.576538   -2.790296   -3.010333   -3.236265   -3.467708   -3.704285   -3.945624   -4.191356   -4.441115   -4.694544   -4.951286   
-0.160473   -0.062045   0.022944   0.092764   0.148088   0.191355   0.210864   0.185649   0.122964   0.028916   -0.092120   -0.235517   -0.394336   -0.562338   -0.736051   -0.913196   -1.092526   -1.273737   -1.457358   -1.644617   -1.837279   -2.037166   -2.245301   -2.462037   -2.687101   -2.920062   -3.160487   -3.407938   -3.661984   -3.922194   -4.188145   -4.459415   -4.735593   -5.016266   -5.301031   -5.589484   
-0.224933   -0.118596   -0.025752   0.050060   0.109174   0.154556   0.176988   0.151134   0.082836   -0.020709   -0.154148   -0.311835   -0.485773   -0.669852   -0.860443   -1.055156   -1.252733   -1.452945   -1.656471   -1.864729   -2.079696   -2.303247   -2.536333   -2.779134   -3.031236   -3.292150   -3.561386   -3.838453   -4.122866   -4.414146   -4.711816   -5.015407   -5.324455   -5.638501   -5.957088   -6.279764   
-0.290740   -0.178742   -0.078009   0.004053   0.067115   0.114461   0.139426   0.112844   0.038446   -0.075254   -0.221914   -0.394686   -0.584765   -0.786091   -0.994814   -1.208428   -1.425669   -1.646396   -1.871442   -2.102433   -2.341556   -2.590707   -2.850748   -3.121650   -3.402892   -3.693925   -3.994199   -4.303167   -4.620288   -4.945026   -5.276852   -5.615242   -5.959678   -6.309645   -6.664633   -7.024136   
-0.355734   -0.242113   -0.133909   -0.045393   0.021750   0.070935   0.098130   0.070649   -0.010325   -0.134872   -0.295592   -0.484311   -0.691636   -0.911421   -1.139573   -1.373470   -1.611848   -1.854660   -2.102909   -2.358434   -2.623631   -2.900386   -3.189440   -3.490551   -3.803112   -4.126509   -4.460130   -4.803368   -5.155622   -5.516297   -5.884805   -6.260562   -6.642993   -7.031522   -7.425582   -7.824608   
-0.418239   -0.307891   -0.193509   -0.098404   -0.027050   0.023906   0.053051   0.024428   -0.063618   -0.199738   -0.375375   -0.580971   -0.806696   -1.046196   -1.295122   -1.550736   -1.811780   -2.078311   -2.351508   -2.633436   -2.926688   -3.233118   -3.553303   -3.886804   -4.232938   -4.591024   -4.960384   -5.340345   -5.730244   -6.129421   -6.537224   -6.953007   -7.376130   -7.805955   -8.241849   -8.683185   
-0.477524   -0.374643   -0.256786   -0.155086   -0.079418   -0.026698   0.004076   -0.025956   -0.121589   -0.270028   -0.461452   -0.684928   -0.930252   -1.190766   -1.461861   -1.740681   -2.025977   -2.317918   -2.617873   -2.928139   -3.251495   -3.589730   -3.943226   -4.311372   -4.693412   -5.088592   -5.496163   -5.915386   -6.345527   -6.785857   -7.235659   -7.694216   -8.160819   -8.634762   -9.115345   -9.601873   
-0.533460   -0.440774   -0.323615   -0.215565   -0.135500   -0.081009   -0.048940   -0.080626   -0.184378   -0.345912   -0.554018   -0.796442   -1.062607   -1.345484   -1.640193   -1.943759   -2.254950   -2.574055   -2.902638   -3.243242   -3.598811   -3.971043   -4.360098   -4.765220   -5.185574   -5.620332   -6.068672   -6.529778   -7.002843   -7.487067   -7.981657   -8.485825   -8.998786   -9.519762   -10.047980   -10.582674   
-0.586290   -0.505372   -0.393673   -0.279952   -0.195413   -0.139137   -0.106116   -0.139701   -0.252126   -0.427561   -0.653280   -0.915778   -1.204070   -1.510704   -1.830519   -2.160426   -2.499210   -2.847289   -3.206434   -3.579440   -3.969394   -4.377877   -4.804808   -5.249309   -5.710465   -6.187366   -6.679111   -7.184805   -7.703564   -8.234509   -8.776767   -9.329471   -9.891758   -10.462772   -11.041664   -11.627591   
-0.636495   -0.568283   -0.466266   -0.348317   -0.259258   -0.201198   -0.167582   -0.203307   -0.324983   -0.515152   -0.759454   -1.043204   -1.354948   -1.686777   -2.033242   -2.391135   -2.759266   -3.138188   -3.529890   -3.937426   -4.363999   -4.811046   -5.278244   -5.764604   -6.269126   -6.790814   -7.328683   -7.881755   -8.449062   -9.029640   -9.622532   -10.226787   -10.841459   -11.465609   -12.098305   -12.738626   
-0.684433   -0.629388   -0.540276   -0.420706   -0.327140   -0.267317   -0.233484   -0.271583   -0.403106   -0.608861   -0.872760   -1.178985   -1.515550   -1.874056   -2.248762   -2.636340   -3.035626   -3.447319   -3.873633   -4.317890   -4.783379   -5.271366   -5.781292   -6.312066   -6.862596   -7.431795   -8.018590   -8.621913   -9.240707   -9.873918   -10.520499   -11.179409   -11.849614   -12.530087   -13.219812   -13.917778   
-0.730239   -0.688269   -0.614432   -0.497135   -0.399172   -0.337628   -0.303965   -0.344668   -0.486652   -0.708867   -0.993422   -1.323386   -1.686181   -2.072895   -2.477482   -2.896493   -3.328796   -3.775245   -4.238288   -4.721518   -5.228285   -5.759652   -6.314841   -6.892658   -7.491914   -8.111429   -8.750032   -9.406564   -10.079869   -10.768798   -11.472210   -12.188969   -12.917946   -13.658023   -14.408092   -15.167050   
-0.774055   -0.744685   -0.687837   -0.577564   -0.475463   -0.412263   -0.379164   -0.422700   -0.575779   -0.815353   -1.121661   -1.476673   -1.867149   -2.283644   -2.719800   -3.172044   -3.639282   -4.122530   -4.624481   -5.148999   -5.699464   -6.276718   -6.879776   -7.507340   -8.158119   -8.830833   -9.524211   -10.236991   -10.967916   -11.715737   -12.479210   -13.257099   -14.048179   -14.851232   -15.665051   -16.488440   
-0.816280   -0.798864   -0.760231   -0.661859   -0.556120   -0.491352   -0.459211   -0.505818   -0.670646   -0.928500   -1.257704   -1.639111   -2.058760   -2.506655   -2.976115   -3.463443   -3.967589   -4.489736   -5.032835   -5.601016   -6.197662   -6.823378   -7.476984   -8.157074   -8.862251   -9.591128   -10.342327   -11.114479   -11.906219   -12.716190   -13.543041   -14.385434   -15.242036   -16.111528   -16.992598   -17.883948   
-0.857515   -0.851158   -0.831749   -0.749742   -0.641249   -0.575024   -0.544193   -0.594161   -0.771410   -1.048496   -1.401778   -1.810966   -2.261321   -2.742279   -3.246824   -3.771139   -4.314219   -4.877425   -5.463970   -6.078251   -6.723626   -7.400444   -8.107350   -8.842821   -9.605349   -10.393432   -11.205580   -12.040310   -12.896144   -13.771610   -14.665247   -15.575604   -16.501240   -17.440725   -18.392639   -19.355574   
-0.898277   -0.901791   -0.902427   -0.840718   -0.730952   -0.663407   -0.634174   -0.687867   -0.878231   -1.175532   -1.554112   -1.992501   -2.475138   -2.990863   -3.532326   -4.095582   -4.679677   -5.286158   -5.918509   -6.581385   -7.278098   -8.008732   -8.771760   -9.565543   -10.388450   -11.238862   -12.115170   -13.015768   -13.939059   -14.883452   -15.847369   -16.829242   -17.827514   -18.840637   -19.867079   -20.905316   
-0.938877   -0.951024   -0.971928   -0.934024   -0.825324   -0.756625   -0.729222   -0.787071   -0.991269   -1.309798   -1.714932   -2.183983   -2.700512   -3.252758   -3.833018   -4.437219   -5.064465   -5.716495   -6.397068   -7.111098   -7.861822   -8.649053   -9.471102   -10.326200   -11.212594   -12.128538   -13.072295   -14.042134   -15.036331   -16.053171   -17.090951   -18.147980   -19.222579   -20.313079   -21.417824   -22.535173   
-0.979481   -0.999281   -1.039781   -1.028672   -0.924449   -0.854807   -0.829458   -0.891914   -1.110686   -1.451487   -1.884467   -2.385671   -2.937750   -3.528312   -4.149296   -4.796500   -5.469084   -6.168992   -6.900265   -7.668069   -8.475541   -9.322222   -10.206259   -11.125753   -12.078818   -13.063576   -14.078156   -15.120692   -16.189328   -17.282220   -18.397535   -19.533450   -20.688158   -21.859863   -23.046781   -24.247144   
-1.020185   -1.047072   -1.105813   -1.123668   -1.028402   -0.958071   -0.935017   -1.002534   -1.236642   -1.600789   -2.062940   -2.597830   -3.187155   -3.817875   -4.481558   -5.173870   -5.894036   -6.644209   -7.428718   -8.252976   -9.119999   -10.029051   -10.978119   -11.965164   -12.988162   -14.045094   -15.133949   -16.252721   -17.399417   -18.572054   -19.768662   -20.987283   -22.225974   -23.482803   -24.755854   -26.043226   
-1.061059   -1.094807   -1.170212   -1.218314   -1.137241   -1.066539   -1.046031   -1.119071   -1.369300   -1.757896   -2.250577   -2.820722   -3.449033   -4.121796   -4.830199   -5.569775   -6.339819   -7.142701   -7.983043   -8.866497   -9.795940   -10.770354   -11.787566   -12.845392   -13.941662   -15.074209   -16.240874   -17.439506   -18.667966   -19.924126   -21.205875   -22.511110   -23.837747   -25.183712   -26.546950   -27.925417   
-1.102168   -1.142749   -1.233319   -1.312364   -1.251000   -1.180334   -1.162633   -1.241666   -1.508820   -1.922996   -2.447604   -3.054613   -3.723687   -4.440423   -5.195614   -5.984661   -6.806933   -7.665023   -8.563855   -9.509312   -10.504107   -11.546944   -12.635487   -13.767400   -14.940357   -16.152038   -17.400129   -18.682327   -19.996340   -21.339891   -22.710715   -24.106563   -25.525199   -26.964404   -28.421972   -29.895716   
-1.143574   -1.191055   -1.295438   -1.405906   -1.369693   -1.299577   -1.284952   -1.370458   -1.655361   -2.096282   -2.654249   -3.299765   -4.011422   -4.774102   -5.578197   -6.418973   -7.295878   -8.211733   -9.171770   -10.182097   -11.245244   -12.359635   -13.522767   -14.732146   -15.985283   -17.279697   -18.612912   -19.982465   -21.385907   -22.820801   -24.284725   -25.775273   -27.290053   -28.826691   -30.382827   -31.956121   
-1.185341   -1.239815   -1.356878   -1.499051   -1.493299   -1.424388   -1.413118   -1.505583   -1.809088   -2.277947   -2.870737   -3.556441   -4.312540   -5.123179   -5.978343   -6.873156   -7.807151   -8.783384   -9.807403   -10.885529   -12.020093   -13.209238   -14.450291   -15.740591   -17.077479   -18.458303   -19.880421   -21.341204   -22.838034   -24.368310   -25.929446   -27.518871   -29.134030   -30.772386   -32.431420   -34.108629   
-1.227526   -1.289081   -1.418016   -1.591669   -1.621749   -1.554887   -1.547258   -1.647181   -1.970166   -2.468185   -3.097296   -3.824903   -4.627342   -5.488003   -6.396444   -7.347654   -8.341252   -9.380532   -10.471369   -11.620288   -12.829399   -14.096568   -15.418946   -16.793695   -18.217980   -19.688973   -21.203855   -22.759823   -24.354087   -25.983872   -27.646420   -29.338988   -31.058851   -32.803303   -34.569655   -36.355238   
-1.270177   -1.338880   -1.479228   -1.683453   -1.754911   -1.691189   -1.687502   -1.795393   -2.138760   -2.667187   -3.334149   -4.105412   -4.956131   -5.868918   -6.832896   -7.842912   -8.898678   -10.003731   -11.164281   -12.387049   -13.673904   -15.022436   -16.429616   -17.892418   -19.407825   -20.972823   -22.584412   -24.239606   -25.935434   -27.668941   -29.437188   -31.237254   -33.066238   -34.921253   -36.799437   -38.697945   


#  Thrust coefficient

0.057772   0.057507   0.057217   0.056901   0.056761   0.056392   0.055996   0.055572   0.055122   0.054645   0.054447   0.053916   0.053359   0.052775   0.052166   0.051533   0.050875   0.050193   0.049489   0.048764   0.048017   0.047251   0.046466   0.045664   0.044846   0.044013   0.043167   0.042309   0.041441   0.040565   0.039681   0.038791   0.037898   0.037002   0.036105   0.035210   
0.062935   0.062490   0.062219   0.061715   0.061184   0.060625   0.060039   0.059429   0.058793   0.058135   0.057760   0.057058   0.056337   0.055598   0.054842   0.054071   0.053286   0.052490   0.051683   0.050868   0.050046   0.049220   0.048390   0.047559   0.046728   0.045900   0.045076   0.044258   0.043448   0.042648   0.041860   0.041086   0.040328   0.039588   0.038866   0.038165   
0.072273   0.071685   0.071074   0.070442   0.069790   0.069120   0.068434   0.067733   0.067020   0.066296   0.065869   0.065130   0.064386   0.063640   0.062894   0.062150   0.061410   0.060676   0.059951   0.059237   0.058535   0.057849   0.057181   0.056532   0.055904   0.055294   0.054698   0.054105   0.053500   0.052861   0.052161   0.051370   0.050451   0.049374   0.048110   0.046642   
0.086241   0.085623   0.084995   0.084359   0.083717   0.083072   0.082426   0.081782   0.081143   0.080511   0.080194   0.079584   0.078989   0.078413   0.077857   0.077324   0.076818   0.076339   0.075884   0.075445   0.075002   0.074526   0.073975   0.073296   0.072428   0.071305   0.069863   0.068050   0.065838   0.063228   0.060258   0.057004   0.053569   0.050056   0.046529   0.043018   
0.105766   0.105246   0.104733   0.104229   0.103737   0.103261   0.102804   0.102369   0.101959   0.101579   0.101534   0.101221   0.100946   0.100706   0.100490   0.100269   0.099996   0.099603   0.099002   0.098091   0.096757   0.094888   0.092396   0.089234   0.085405   0.080974   0.076072   0.070872   0.065561   0.060259   0.055009   0.049791   0.044612   0.039471   0.034404   0.029477   
0.131276   0.130984   0.130718   0.130482   0.130280   0.130116   0.129994   0.129917   0.130094   0.130119   0.130288   0.130369   0.130406   0.130307   0.129952   0.129189   0.127848   0.125752   0.122744   0.118725   0.113683   0.107685   0.100903   0.093567   0.085957   0.078297   0.070680   0.063079   0.055474   0.047929   0.040559   0.033470   0.026695   0.020284   0.014247   0.008590   
0.163021   0.163086   0.163200   0.163368   0.163594   0.164087   0.164444   0.164863   0.165316   0.165737   0.166109   0.166067   0.165505   0.164181   0.161836   0.158229   0.153201   0.146714   0.138841   0.129785   0.119831   0.109344   0.098665   0.087977   0.077298   0.066604   0.056024   0.045766   0.035951   0.026680   0.018013   0.009986   0.002597   -0.004191   -0.010419   -0.016120   
0.201165   0.201716   0.202342   0.203252   0.204044   0.204913   0.205819   0.206666   0.207287   0.207547   0.206950   0.205255   0.202106   0.197191   0.190328   0.181495   0.170810   0.158533   0.145045   0.130824   0.116330   0.101831   0.087380   0.072984   0.058885   0.045342   0.032561   0.020674   0.009772   -0.000135   -0.009115   -0.017251   -0.024625   -0.031309   -0.037368   -0.042861   
0.246029   0.247196   0.248468   0.249841   0.251280   0.252687   0.253869   0.254638   0.254418   0.252868   0.249517   0.243939   0.235851   0.225168   0.211957   0.196476   0.179165   0.160632   0.141590   0.122545   0.103669   0.084924   0.066542   0.048953   0.032461   0.017286   0.003549   -0.008765   -0.019778   -0.029650   -0.038525   -0.046516   -0.053713   -0.060200   -0.066066   -0.071375   
0.297307   0.299224   0.301250   0.303318   0.305358   0.306865   0.307516   0.306782   0.304071   0.298800   0.290501   0.278906   0.263934   0.245725   0.224742   0.201695   0.177557   0.153224   0.129165   0.105437   0.082017   0.059438   0.038247   0.018805   0.001304   -0.014268   -0.028063   -0.040301   -0.051198   -0.060933   -0.069646   -0.077470   -0.084525   -0.090906   -0.096676   -0.101881   
0.355298   0.358056   0.360931   0.363476   0.365380   0.366070   0.364857   0.360996   0.353785   0.342664   0.327267   0.307499   0.283704   0.256656   0.227390   0.197215   0.167144   0.137670   0.108684   0.080242   0.053203   0.028217   0.005648   -0.014431   -0.032135   -0.047682   -0.061360   -0.073459   -0.084219   -0.093835   -0.102471   -0.110265   -0.117315   -0.123697   -0.129462   -0.134649   
0.420153   0.423729   0.427003   0.429450   0.430352   0.428850   0.424036   0.415004   0.400983   0.381510   0.356619   0.326949   0.293542   0.257731   0.221143   0.184959   0.149697   0.115091   0.081245   0.049316   0.020085   -0.006112   -0.029256   -0.049512   -0.067159   -0.082569   -0.096136   -0.108172   -0.118916   -0.128565   -0.137286   -0.145199   -0.152381   -0.158878   -0.164727   -0.169955   
0.491626   0.495774   0.498964   0.500335   0.498854   0.493361   0.482612   0.465671   0.442090   0.412097   0.376561   0.336754   0.294261   0.250984   0.208333   0.166903   0.126308   0.086540   0.049082   0.014926   -0.015567   -0.042392   -0.065751   -0.085986   -0.103549   -0.118930   -0.132533   -0.144659   -0.155560   -0.165440   -0.174426   -0.182594   -0.189992   -0.196657   -0.202625   -0.207921   
0.569659   0.573804   0.575899   0.574720   0.568742   0.556418   0.536730   0.509320   0.474566   0.433513   0.387577   0.338477   0.288327   0.238843   0.190788   0.143806   0.097598   0.053862   0.013956   -0.021652   -0.052936   -0.080123   -0.103592   -0.123843   -0.141459   -0.156981   -0.170802   -0.183231   -0.194504   -0.204771   -0.214115   -0.222595   -0.230254   -0.237131   -0.243248   -0.248621   
0.653945   0.657011   0.656166   0.649648   0.635918   0.613853   0.583171   0.544374   0.498514   0.447013   0.391617   0.334532   0.277874   0.222735   0.168979   0.115936   0.065135   0.018540   -0.023151   -0.059844   -0.091742   -0.119233   -0.142853   -0.163261   -0.181141   -0.197016   -0.211264   -0.224176   -0.235943   -0.246675   -0.256440   -0.265291   -0.273261   -0.280371   -0.286638   -0.292079   
0.743018   0.742563   0.735594   0.720339   0.696187   0.663148   0.621379   0.571750   0.515545   0.454449   0.390671   0.326679   0.264075   0.203118   0.142983   0.084485   0.030196   -0.018674   -0.061859   -0.099500   -0.131973   -0.159826   -0.183747   -0.204525   -0.222868   -0.239267   -0.254093   -0.267608   -0.279962   -0.291238   -0.301492   -0.310757   -0.319051   -0.326395   -0.332811   -0.338321   
0.832645   0.824730   0.808116   0.782513   0.747862   0.704545   0.652577   0.592935   0.527177   0.457439   0.386291   0.315997   0.247432   0.179966   0.113502   0.050575   -0.006625   -0.057496   -0.102069   -0.140660   -0.173782   -0.202116   -0.226498   -0.247822   -0.266777   -0.283845   -0.299388   -0.313621   -0.326652   -0.338540   -0.349319   -0.359011   -0.367637   -0.375224   -0.381794   -0.387370   
0.916853   0.897814   0.870029   0.834592   0.791268   0.739048   0.677975   0.609239   0.534854   0.457327   0.379459   0.303012   0.227908   0.153539   0.081429   0.014768   -0.045070   -0.097884   -0.143872   -0.183465   -0.217307   -0.246233   -0.271229   -0.293250   -0.312965   -0.330860   -0.347255   -0.362302   -0.376075   -0.388610   -0.399933   -0.410070   -0.419045   -0.426882   -0.433605   -0.439238   
0.992393   0.961115   0.921996   0.877073   0.826823   0.767685   0.698798   0.621938   0.539677   0.455011   0.370717   0.287756   0.205513   0.124391   0.047371   -0.022710   -0.085136   -0.139911   -0.187339   -0.227982   -0.262626   -0.292262   -0.318030   -0.340905   -0.361547   -0.380420   -0.397767   -0.413696   -0.428251   -0.441463   -0.453357   -0.463957   -0.473290   -0.481377   -0.488245   -0.493919   
1.061417   1.018240   0.967624   0.912801   0.855606   0.791528   0.716142   0.631987   0.542426   0.451026   0.360227   0.270117   0.180495   0.093031   0.011587   -0.061812   -0.126834   -0.183597   -0.232511   -0.274266   -0.309803   -0.340291   -0.367000   -0.390897   -0.412622   -0.432584   -0.450963   -0.467825   -0.483203   -0.497122   -0.509607   -0.520683   -0.530374   -0.538707   -0.545710   -0.551409   
1.126434   1.071727   1.009845   0.944773   0.879860   0.811571   0.730888   0.640039   0.543617   0.445650   0.347892   0.250125   0.153125   0.059840   -0.025780   -0.102510   -0.170178   -0.228974   -0.279426   -0.322367   -0.358916   -0.390422   -0.418242   -0.443308   -0.466244   -0.487394   -0.506872   -0.524715   -0.540949   -0.555598   -0.568688   -0.580243   -0.590294   -0.598868   -0.605995   -0.611707   
1.188761   1.122593   1.049669   0.974593   0.901466   0.828602   0.743601   0.646554   0.543580   0.438890   0.333580   0.227968   0.123767   0.025087   -0.064692   -0.144820   -0.215183   -0.276066   -0.328126   -0.372361   -0.410058   -0.442743   -0.471816   -0.498192   -0.522469   -0.544891   -0.565519   -0.584377   -0.601492   -0.616887   -0.630592   -0.642635   -0.653047   -0.661857   -0.669099   -0.674813   
1.249110   1.171573   1.087814   1.003020   0.921439   0.843311   0.754673   0.651818   0.542448   0.430668   0.317386   0.203866   0.092718   -0.011142   -0.105150   -0.188743   -0.261867   -0.324918   -0.378685   -0.424319   -0.463295   -0.497307   -0.527780   -0.555619   -0.581340   -0.605092   -0.626907   -0.646810   -0.664827   -0.680986   -0.695321   -0.707858   -0.718630   -0.727672   -0.735025   -0.740730   
1.307930   1.219156   1.124812   1.030511   0.940465   0.856361   0.764356   0.656088   0.540297   0.420961   0.299478   0.177996   0.060186   -0.048820   -0.147153   -0.234303   -0.310285   -0.375590   -0.431148   -0.478288   -0.518680   -0.554180   -0.586207   -0.615633   -0.642871   -0.667994   -0.691031   -0.712007   -0.730952   -0.747897   -0.762872   -0.775907   -0.787041   -0.796315   -0.803772   -0.809461   
1.365430   1.265785   1.161036   1.057286   0.958802   0.868280   0.772918   0.659561   0.537102   0.409797   0.279999   0.150560   0.026298   -0.087956   -0.190737   -0.281549   -0.360471   -0.428110   -0.485556   -0.534325   -0.576283   -0.613423   -0.647135   -0.678250   -0.707057   -0.733593   -0.757888   -0.779969   -0.799870   -0.817616   -0.833241   -0.846783   -0.858283   -0.867787   -0.875346   -0.881013   
1.421449   1.311685   1.196738   1.083591   0.976674   0.879382   0.780551   0.662276   0.532835   0.397302   0.259077   0.121713   -0.008941   -0.128588   -0.235930   -0.330495   -0.412445   -0.482521   -0.541969   -0.592488   -0.636159   -0.675067   -0.710585   -0.743469   -0.773894   -0.801887   -0.827480   -0.850701   -0.871577   -0.890140   -0.906428   -0.920484   -0.932355   -0.942092   -0.949751   -0.955387   
1.475522   1.357103   1.232189   1.109634   0.994229   0.889881   0.787393   0.664252   0.527525   0.383584   0.236774   0.091524   -0.045550   -0.170719   -0.282737   -0.381167   -0.466260   -0.538876   -0.600428   -0.652818   -0.698330   -0.739130   -0.776569   -0.811289   -0.843383   -0.872880   -0.899810   -0.924196   -0.946070   -0.965469   -0.982434   -0.997014   -1.009262   -1.019236   -1.026990   -1.032583   
1.526538   1.402058   1.267517   1.135531   1.011597   0.900010   0.793541   0.665472   0.521198   0.368684   0.213144   0.060071   -0.083523   -0.214363   -0.331197   -0.433616   -0.521953   -0.597204   -0.660963   -0.715333   -0.762812   -0.805628   -0.845094   -0.881709   -0.915528   -0.946575   -0.974874   -1.000453   -1.023349   -1.043602   -1.061259   -1.076377   -1.089011   -1.099219   -1.107062   -1.112605   
1.572891   1.446285   1.302827   1.161418   1.028893   0.909859   0.799027   0.665897   0.513915   0.352677   0.188283   0.027392   -0.122888   -0.259563   -0.381347   -0.487865   -0.579541   -0.657524   -0.723585   -0.780048   -0.829626   -0.874580   -0.916163   -0.954737   -0.990332   -1.022967   -1.052669   -1.079471   -1.103413   -1.124541   -1.142909   -1.158576   -1.171599   -1.182042   -1.189970   -1.195449   
1.613498   1.489212   1.338174   1.187368   1.046153   0.919451   0.803896   0.665579   0.505759   0.335617   0.162234   -0.006535   -0.163677   -0.306339   -0.433200   -0.543921   -0.639039   -0.719844   -0.788308   -0.846983   -0.898789   -0.946002   -0.989785   -1.030375   -1.067791   -1.102054   -1.133195   -1.161250   -1.186264   -1.208291   -1.227388   -1.243612   -1.257030   -1.267706   -1.275711   -1.281115   
1.647995   1.529811   1.373479   1.213397   1.063428   0.928859   0.808190   0.664573   0.496753   0.317500   0.135022   -0.041720   -0.205899   -0.354697   -0.486757   -0.601799   -0.700455   -0.784179   -0.855151   -0.916159   -0.970320   -1.019909   -1.065960   -1.108619   -1.147902   -1.183835   -1.216450   -1.245791   -1.271908   -1.294856   -1.314694   -1.331487   -1.345303   -1.356211   -1.364285   -1.369602   
1.676413   1.567007   1.408636   1.239577   1.080754   0.938081   0.811892   0.662888   0.486909   0.298349   0.106681   -0.078162   -0.249554   -0.404634   -0.542032   -0.661504   -0.763798   -0.850541   -0.924129   -0.987595   -1.044240   -1.096306   -1.144687   -1.189466   -1.230665   -1.268309   -1.302438   -1.333100   -1.360346   -1.384234   -1.404830   -1.422200   -1.436417   -1.447554   -1.455690   -1.460908   
1.699295   1.600353   1.443427   1.265934   1.098088   0.947064   0.815011   0.660568   0.476264   0.278200   0.077248   -0.115861   -0.294641   -0.456167   -0.599032   -0.723045   -0.829080   -0.918947   -0.995260   -1.061313   -1.120559   -1.175192   -1.225962   -1.272917   -1.316079   -1.355480   -1.391164   -1.423178   -1.451578   -1.476428   -1.497796   -1.515752   -1.530372   -1.541735   -1.549926   -1.555033   
1.717551   1.629858   1.477366   1.292425   1.115404   0.955808   0.817588   0.657661   0.464857   0.257090   0.046732   -0.154819   -0.341174   -0.509301   -0.657761   -0.786431   -0.896315   -0.989409   -1.068566   -1.137326   -1.199282   -1.256565   -1.309785   -1.358971   -1.404147   -1.445352   -1.482628   -1.516025   -1.545606   -1.571438   -1.593591   -1.612140   -1.627166   -1.638753   -1.646991   -1.651976   
1.732004   1.655387   1.509785   1.319024   1.132695   0.964336   0.819660   0.654201   0.452713   0.235039   0.015142   -0.195045   -0.389161   -0.564038   -0.718228   -0.851672   -0.965514   -1.061949   -1.144059   -1.215641   -1.280414   -1.340426   -1.396157   -1.447630   -1.494875   -1.537925   -1.576829   -1.611642   -1.642430   -1.669263   -1.692214   -1.711364   -1.726798   -1.738607   -1.746886   -1.751736   
1.743296   1.676600   1.539999   1.345696   1.149969   0.972675   0.821251   0.650211   0.439843   0.212071   -0.017520   -0.236551   -0.438600   -0.620385   -0.780440   -0.918780   -1.036696   -1.136577   -1.221746   -1.296266   -1.363960   -1.426773   -1.485079   -1.538900   -1.588260   -1.633199   -1.673769   -1.710030   -1.742050   -1.769902   -1.793665   -1.813424   -1.829269   -1.841296   -1.849609   -1.854313   
1.751968   1.693526   1.567604   1.372371   1.167221   0.980842   0.822380   0.645705   0.426258   0.188204   -0.051262   -0.279333   -0.489497   -0.678348   -0.844406   -0.987769   -1.109871   -1.213300   -1.301636   -1.379208   -1.449922   -1.515610   -1.576558   -1.632779   -1.684304   -1.731176   -1.773449   -1.811187   -1.844464   -1.873354   -1.897943   -1.918318   -1.934576   -1.946821   -1.955160   -1.959706   
1.758598   1.706792   1.592550   1.398935   1.184447   0.988848   0.823067   0.640691   0.411971   0.163437   -0.086076   -0.323392   -0.541856   -0.737934   -0.910141   -1.058652   -1.185044   -1.292125   -1.383737   -1.464474   -1.538305   -1.606943   -1.670591   -1.729267   -1.783006   -1.831853   -1.875866   -1.915114   -1.949672   -1.979621   -2.005047   -2.026046   -2.042721   -2.055180   -2.063538   -2.067916   
1.763782   1.717167   1.614963   1.425221   1.201651   0.996701   0.823350   0.635186   0.396978   0.137787   -0.121963   -0.368733   -0.595683   -0.799155   -0.977656   -1.131430   -1.262220   -1.373059   -1.468057   -1.552070   -1.629116   -1.700768   -1.767178   -1.828366   -1.884367   -1.935231   -1.981022   -2.021811   -2.057675   -2.088699   -2.114977   -2.136609   -2.153703   -2.166374   -2.174744   -2.178941   
1.767986   1.725216   1.634829   1.450983   1.218836   1.004400   0.823292   0.629191   0.381292   0.111265   -0.158924   -0.415360   -0.650987   -0.862024   -1.046951   -1.206108   -1.341407   -1.456111   -1.554605   -1.642007   -1.722352   -1.797087   -1.866320   -1.930073   -1.988385   -2.041311   -2.088917   -2.131277   -2.168471   -2.200591   -2.227733   -2.250005   -2.267521   -2.280402   -2.288777   -2.292782   
1.771490   1.731380   1.651871   1.475886   1.236000   1.011946   0.822934   0.622712   0.364930   0.083876   -0.196963   -0.463281   -0.707784   -0.926539   -1.118030   -1.282691   -1.422610   -1.541290   -1.643393   -1.734284   -1.818013   -1.895898   -1.968015   -2.034388   -2.095061   -2.150092   -2.199550   -2.243511   -2.282061   -2.315294   -2.343314   -2.366234   -2.384174   -2.397264   -2.405637   -2.409438   
1.774455   1.736096   1.665817   1.499529   1.253132   1.019344   0.822275   0.615770   0.347901   0.055621   -0.236085   -0.512510   -0.766069   -0.992703   -1.190897   -1.361187   -1.505840   -1.628609   -1.734423   -1.828904   -1.916100   -1.997201   -2.072262   -2.141311   -2.204395   -2.261574   -2.312921   -2.358515   -2.398444   -2.432810   -2.461721   -2.485297   -2.503664   -2.516959   -2.525324   -2.528909   
1.776983   1.739782   1.676763   1.521544   1.270227   1.026580   0.821330   0.608376   0.330216   0.026502   -0.276306   -0.563045   -0.825844   -1.060519   -1.265559   -1.441602   -1.591111   -1.718069   -1.827699   -1.925868   -2.016610   -2.100995   -2.179062   -2.250842   -2.316387   -2.375758   -2.429030   -2.476286   -2.517620   -2.553137   -2.582952   -2.607192   -2.625990   -2.639488   -2.647837   -2.651195   
1.779144   1.742749   1.685165   1.541708   1.287267   1.033661   0.820105   0.600540   0.311883   -0.003493   -0.317623   -0.614885   -0.887111   -1.129992   -1.342021   -1.523953   -1.678422   -1.809675   -1.923223   -2.025175   -2.119542   -2.207278   -2.288414   -2.362982   -2.431037   -2.492643   -2.547877   -2.596826   -2.639588   -2.676275   -2.707009   -2.731920   -2.751151   -2.764850   -2.773176   -2.776295   
1.780993   1.745189   1.691574   1.559983   1.304226   1.040598   0.818608   0.592268   0.292898   -0.034361   -0.360035   -0.668031   -0.949874   -1.201128   -1.420299   -1.608236   -1.767778   -1.903431   -2.020997   -2.126827   -2.224897   -2.316053   -2.400319   -2.477731   -2.548346   -2.612230   -2.669462   -2.720133   -2.764349   -2.802225   -2.833890   -2.859481   -2.879147   -2.893045   -2.901341   -2.904211   
1.782576   1.747219   1.696412   1.576421   1.321096   1.047392   0.816847   0.583563   0.273261   -0.066095   -0.403540   -0.722486   -1.014139   -1.273941   -1.500392   -1.694458   -1.859184   -1.999338   -2.121021   -2.230823   -2.332674   -2.427318   -2.514777   -2.595089   -2.668313   -2.734518   -2.793784   -2.846209   -2.891902   -2.930986   -2.963595   -2.989874   -3.009978   -3.024073   -3.032332   -3.034941   
1.783929   1.748911   1.700004   1.591041   1.337852   1.054048   0.814825   0.574415   0.252985   -0.098692   -0.448141   -0.778254   -1.079919   -1.348432   -1.582302   -1.782623   -1.952641   -2.097397   -2.223298   -2.337165   -2.442873   -2.541074   -2.631788   -2.715057   -2.790939   -2.859506   -2.920843   -2.975052   -3.022247   -3.062558   -3.096125   -3.123099   -3.143645   -3.157934   -3.166150   -3.168485   
1.785084   1.750310   1.702639   1.603720   1.354458   1.060563   0.812531   0.564842   0.232077   -0.132150   -0.493842   -0.835349   -1.147216   -1.424601   -1.666036   -1.872731   -2.048151   -2.197610   -2.327829   -2.445853   -2.555495   -2.657321   -2.751353   -2.837634   -2.916223   -2.987195   -3.050640   -3.106663   -3.155385   -3.196941   -3.231479   -3.259157   -3.280146   -3.294628   -3.302793   -3.304844   
1.786064   1.751446   1.704572   1.614274   1.370863   1.066928   0.809972   0.554852   0.210539   -0.166471   -0.540653   -0.893775   -1.216029   -1.502456   -1.751593   -1.964784   -2.145716   -2.299980   -2.434615   -2.556888   -2.670539   -2.776060   -2.873471   -2.962820   -3.044165   -3.117585   -3.183173   -3.241041   -3.291315   -3.334135   -3.369657   -3.398047   -3.419482   -3.434154   -3.442263   -3.444018   


# Torque coefficient

-0.002767   -0.002337   -0.001905   -0.001474   -0.001042   -0.000610   -0.000179   0.000251   0.000680   0.001108   0.001534   0.001958   0.002379   0.002798   0.003215   0.003628   0.004038   0.004445   0.004849   0.005250   0.005647   0.006041   0.006431   0.006818   0.007202   0.007582   0.007960   0.008333   0.008704   0.009072   0.009437   0.009799   0.010158   0.010514   0.010868   0.011219   
-0.004070   -0.003461   -0.002852   -0.002244   -0.001636   -0.001030   -0.000424   0.000180   0.000782   0.001383   0.001983   0.002579   0.003174   0.003766   0.004355   0.004942   0.005525   0.006106   0.006683   0.007257   0.007828   0.008395   0.008958   0.009517   0.010072   0.010623   0.011170   0.011712   0.012249   0.012781   0.013308   0.013830   0.014346   0.014857   0.015361   0.015857   
-0.004293   -0.003401   -0.002510   -0.001621   -0.000735   0.000148   0.001028   0.001904   0.002776   0.003644   0.004507   0.005363   0.006214   0.007058   0.007895   0.008725   0.009547   0.010360   0.011165   0.011960   0.012745   0.013520   0.014284   0.015036   0.015775   0.016499   0.017201   0.017875   0.018509   0.019090   0.019597   0.020011   0.020308   0.020466   0.020463   0.020288   
-0.003387   -0.002133   -0.000887   0.000352   0.001583   0.002804   0.004015   0.005214   0.006402   0.007576   0.008737   0.009882   0.011012   0.012125   0.013220   0.014296   0.015353   0.016388   0.017398   0.018377   0.019315   0.020196   0.020999   0.021698   0.022263   0.022660   0.022858   0.022829   0.022555   0.022033   0.021276   0.020315   0.019198   0.017974   0.016677   0.015326   
-0.001578   0.000085   0.001730   0.003357   0.004964   0.006550   0.008113   0.009651   0.011164   0.012648   0.014104   0.015529   0.016921   0.018277   0.019590   0.020847   0.022029   0.023109   0.024054   0.024822   0.025371   0.025656   0.025639   0.025297   0.024627   0.023645   0.022398   0.020949   0.019371   0.017714   0.016001   0.014229   0.012400   0.010516   0.008592   0.006656   
0.000877   0.002977   0.005044   0.007076   0.009072   0.011028   0.012942   0.014813   0.016637   0.018412   0.020131   0.021783   0.023349   0.024797   0.026091   0.027181   0.028015   0.028533   0.028683   0.028428   0.027756   0.026680   0.025249   0.023530   0.021612   0.019573   0.017449   0.015238   0.012934   0.010560   0.008155   0.005757   0.003377   0.001031   -0.001277   -0.003546   
0.003768   0.006319   0.008817   0.011258   0.013639   0.015957   0.018208   0.020386   0.022480   0.024472   0.026328   0.028004   0.029445   0.030587   0.031360   0.031696   0.031544   0.030884   0.029726   0.028115   0.026121   0.023842   0.021378   0.018785   0.016076   0.013248   0.010338   0.007405   0.004487   0.001614   -0.001198   -0.003939   -0.006607   -0.009211   -0.011758   -0.014256   
0.006929   0.009937   0.012864   0.015706   0.018460   0.021116   0.023662   0.026073   0.028311   0.030322   0.032038   0.033382   0.034271   0.034627   0.034398   0.033566   0.032145   0.030183   0.027765   0.025003   0.022013   0.018867   0.015585   0.012170   0.008683   0.005193   0.001752   -0.001609   -0.004864   -0.008008   -0.011055   -0.014021   -0.016924   -0.019777   -0.022593   -0.025381   
0.010226   0.013688   0.017035   0.020262   0.023354   0.026291   0.029030   0.031516   0.033676   0.035422   0.036660   0.037299   0.037271   0.036542   0.035109   0.033011   0.030329   0.027186   0.023735   0.020088   0.016288   0.012334   0.008278   0.004217   0.000220   -0.003663   -0.007400   -0.010990   -0.014456   -0.017827   -0.021130   -0.024385   -0.027605   -0.030806   -0.034001   -0.037197   
0.013550   0.017453   0.021198   0.024769   0.028132   0.031235   0.034006   0.036354   0.038178   0.039371   0.039842   0.039527   0.038392   0.036443   0.033748   0.030426   0.026650   0.022592   0.018348   0.013936   0.009358   0.004722   0.000137   -0.004319   -0.008602   -0.012706   -0.016655   -0.020484   -0.024229   -0.027921   -0.031581   -0.035228   -0.038879   -0.042546   -0.046236   -0.049951   
0.016795   0.021114   0.025214   0.029057   0.032580   0.035698   0.038309   0.040300   0.041555   0.041975   0.041485   0.040047   0.037690   0.034514   0.030671   0.026372   0.021791   0.017018   0.012048   0.006897   0.001720   -0.003357   -0.008260   -0.012964   -0.017476   -0.021829   -0.026064   -0.030227   -0.034353   -0.038470   -0.042598   -0.046755   -0.050951   -0.055191   -0.059478   -0.063811   
0.019852   0.024542   0.028928   0.032939   0.036484   0.039452   0.041721   0.043160   0.043654   0.043116   0.041520   0.038915   0.035417   0.031199   0.026493   0.021482   0.016256   0.010791   0.005113   -0.000584   -0.006159   -0.011539   -0.016704   -0.021668   -0.026466   -0.031147   -0.035770   -0.040374   -0.044991   -0.049644   -0.054352   -0.059124   -0.063966   -0.068876   -0.073851   -0.078890   
0.022592   0.027585   0.032158   0.036216   0.039642   0.042302   0.044047   0.044752   0.044332   0.042768   0.040115   0.036489   0.032066   0.027086   0.021748   0.016150   0.010261   0.004095   -0.002118   -0.008208   -0.014099   -0.019767   -0.025226   -0.030513   -0.035682   -0.040800   -0.045917   -0.051068   -0.056281   -0.061576   -0.066964   -0.072445   -0.078017   -0.083678   -0.089423   -0.095245   
0.024873   0.030067   0.034704   0.038675   0.041830   0.044008   0.045087   0.044985   0.043678   0.041212   0.037683   0.033250   0.028150   0.022599   0.016716   0.010485   0.003888   -0.002827   -0.009449   -0.015882   -0.022093   -0.028092   -0.033912   -0.039609   -0.045253   -0.050909   -0.056620   -0.062420   -0.068329   -0.074357   -0.080506   -0.086774   -0.093154   -0.099643   -0.106231   -0.112911   
0.026502   0.031769   0.036322   0.040033   0.042776   0.044412   0.044852   0.044058   0.042039   0.038859   0.034642   0.029601   0.023975   0.017915   0.011442   0.004508   -0.002678   -0.009834   -0.016832   -0.023623   -0.030202   -0.036597   -0.042859   -0.049060   -0.055278   -0.061570   -0.067971   -0.074508   -0.081195   -0.088033   -0.095019   -0.102147   -0.109409   -0.116796   -0.124298   -0.131906   
0.027050   0.032253   0.036621   0.040025   0.042389   0.043627   0.043622   0.042336   0.039780   0.036038   0.031282   0.025759   0.019664   0.013066   0.005918   -0.001659   -0.009329   -0.016901   -0.024296   -0.031490   -0.038498   -0.045365   -0.052156   -0.058955   -0.065836   -0.072848   -0.080021   -0.087375   -0.094914   -0.102634   -0.110528   -0.118587   -0.126798   -0.135152   -0.143637   -0.152242   
0.025955   0.031012   0.035253   0.038590   0.040864   0.041964   0.041728   0.040110   0.037144   0.032959   0.027772   0.021823   0.015245   0.008028   0.000202   -0.007924   -0.016052   -0.024056   -0.031889   -0.039545   -0.047052   -0.054466   -0.061868   -0.069349   -0.076973   -0.084783   -0.092804   -0.101048   -0.109510   -0.118181   -0.127051   -0.136106   -0.145334   -0.154722   -0.164257   -0.173926   
0.023036   0.028022   0.032339   0.035924   0.038487   0.039698   0.039401   0.037573   0.034299   0.029753   0.024192   0.017820   0.010693   0.002809   -0.005639   -0.014269   -0.022866   -0.031342   -0.039667   -0.047844   -0.055915   -0.063950   -0.072041   -0.080279   -0.088721   -0.097404   -0.106347   -0.115548   -0.124999   -0.134686   -0.144596   -0.154713   -0.165023   -0.175510   -0.186162   -0.196962   
0.018924   0.023990   0.028493   0.032407   0.035475   0.037026   0.036804   0.034859   0.031342   0.026488   0.020567   0.013728   0.005991   -0.002555   -0.011572   -0.020707   -0.029807   -0.038802   -0.047670   -0.056427   -0.065127   -0.073853   -0.082707   -0.091775   -0.101108   -0.110735   -0.120665   -0.130888   -0.141391   -0.152157   -0.163170   -0.174412   -0.185869   -0.197522   -0.209355   -0.221351   
0.014527   0.019790   0.024464   0.028593   0.032057   0.034097   0.034050   0.032046   0.028325   0.023187   0.016888   0.009522   0.001146   -0.008035   -0.017600   -0.027264   -0.036906   -0.046466   -0.055930   -0.065326   -0.074718   -0.084204   -0.093892   -0.103859   -0.114151   -0.124789   -0.135768   -0.147074   -0.158691   -0.170597   -0.182776   -0.195208   -0.207874   -0.220756   -0.233836   -0.247094   
0.010060   0.015623   0.020531   0.024820   0.028510   0.031007   0.031200   0.029172   0.025273   0.019851   0.013132   0.005194   -0.003828   -0.013618   -0.023735   -0.033962   -0.044189   -0.054362   -0.064474   -0.074565   -0.084713   -0.095026   -0.105615   -0.116549   -0.127865   -0.139574   -0.151663   -0.164113   -0.176903   -0.190011   -0.203418   -0.217101   -0.231040   -0.245215   -0.259605   -0.274190   
0.005562   0.011489   0.016683   0.021154   0.024979   0.027810   0.028288   0.026257   0.022191   0.016467   0.009280   0.000749   -0.008917   -0.019298   -0.029995   -0.040824   -0.051679   -0.062511   -0.073324   -0.084168   -0.095133   -0.106339   -0.117892   -0.129855   -0.142258   -0.155098   -0.168355   -0.182006   -0.196029   -0.210399   -0.225095   -0.240091   -0.255367   -0.270898   -0.286663   -0.302639   
0.001057   0.007388   0.012899   0.017576   0.021499   0.024551   0.025328   0.023309   0.019076   0.013020   0.005331   -0.003808   -0.014111   -0.025089   -0.036398   -0.047868   -0.059394   -0.070933   -0.082498   -0.094151   -0.105994   -0.118153   -0.130733   -0.143787   -0.157335   -0.171363   -0.185845   -0.200756   -0.216070   -0.231763   -0.247808   -0.264180   -0.280853   -0.297804   -0.315009   -0.332442   
-0.003442   0.003314   0.009161   0.014058   0.018084   0.021271   0.022328   0.020331   0.015921   0.009500   0.001286   -0.008472   -0.019407   -0.031003   -0.042961   -0.055111   -0.067350   -0.079643   -0.092012   -0.104529   -0.117307   -0.130481   -0.144147   -0.158352   -0.173101   -0.188371   -0.204134   -0.220362   -0.237028   -0.254102   -0.271557   -0.289366   -0.307501   -0.325935   -0.344642   -0.363596   
-0.007917   -0.000738   0.005452   0.010582   0.014719   0.017993   0.019292   0.017324   0.012719   0.005902   -0.002852   -0.013242   -0.024812   -0.037055   -0.049697   -0.062566   -0.075562   -0.088655   -0.101877   -0.115311   -0.129083   -0.143330   -0.158140   -0.173551   -0.189555   -0.206123   -0.223224   -0.240827   -0.258901   -0.277417   -0.296343   -0.315650   -0.335308   -0.355289   -0.375564   -0.396103   
-0.012344   -0.004773   0.001765   0.007136   0.011391   0.014720   0.016220   0.014281   0.009459   0.002224   -0.007086   -0.018117   -0.030334   -0.043257   -0.056619   -0.070246   -0.084040   -0.097980   -0.112104   -0.126509   -0.141329   -0.156705   -0.172715   -0.189387   -0.206700   -0.224620   -0.243114   -0.262149   -0.281691   -0.301707   -0.322165   -0.343032   -0.364276   -0.385867   -0.407772   -0.429960   
-0.016662   -0.008785   -0.001908   0.003708   0.008087   0.011449   0.013110   0.011195   0.006136   -0.001534   -0.011418   -0.023099   -0.035983   -0.049619   -0.063737   -0.078160   -0.092795   -0.107626   -0.122702   -0.138128   -0.154052   -0.170611   -0.187877   -0.205862   -0.224536   -0.243863   -0.263806   -0.284330   -0.305398   -0.326974   -0.349023   -0.371512   -0.394404   -0.417667   -0.441266   -0.465168   
-0.020767   -0.012767   -0.005572   0.000290   0.004794   0.008176   0.009959   0.008060   0.002746   -0.005375   -0.015851   -0.028192   -0.041769   -0.056149   -0.071058   -0.086316   -0.101833   -0.117600   -0.133674   -0.150174   -0.167254   -0.185051   -0.203625   -0.222975   -0.243064   -0.263852   -0.285300   -0.307369   -0.330021   -0.353216   -0.376918   -0.401089   -0.425691   -0.450689   -0.476045   -0.501724   
-0.024533   -0.016697   -0.009235   -0.003131   0.001500   0.004892   0.006768   0.004872   -0.000712   -0.009302   -0.020386   -0.033401   -0.047699   -0.062857   -0.078591   -0.094722   -0.111162   -0.127908   -0.145028   -0.162651   -0.180940   -0.200027   -0.219961   -0.240728   -0.262284   -0.284587   -0.307595   -0.331267   -0.355560   -0.380434   -0.405849   -0.431763   -0.458137   -0.484933   -0.512109   -0.539628   
-0.027883   -0.020526   -0.012901   -0.006560   -0.001803   0.001594   0.003537   0.001629   -0.004241   -0.013316   -0.025025   -0.038731   -0.053780   -0.069746   -0.086341   -0.103382   -0.120785   -0.138554   -0.156767   -0.175562   -0.195113   -0.215541   -0.236887   -0.259120   -0.282196   -0.306068   -0.330692   -0.356023   -0.382016   -0.408628   -0.435815   -0.463534   -0.491742   -0.520397   -0.549457   -0.578879   
-0.030808   -0.024171   -0.016567   -0.010006   -0.005124   -0.001722   0.000263   -0.001675   -0.007844   -0.017421   -0.029771   -0.044189   -0.060016   -0.076824   -0.094314   -0.112302   -0.130708   -0.149543   -0.168895   -0.188912   -0.209774   -0.231595   -0.254402   -0.278153   -0.302801   -0.328296   -0.354591   -0.381638   -0.409389   -0.437797   -0.466817   -0.496401   -0.526504   -0.557081   -0.588087   -0.619476   
-0.033341   -0.027548   -0.020226   -0.013473   -0.008469   -0.005063   -0.003059   -0.005039   -0.011524   -0.021620   -0.034626   -0.049778   -0.066413   -0.084093   -0.102512   -0.121485   -0.140934   -0.160878   -0.181415   -0.202703   -0.224926   -0.248190   -0.272506   -0.297826   -0.324098   -0.351271   -0.379292   -0.408111   -0.437678   -0.467942   -0.498854   -0.530364   -0.562424   -0.594985   -0.627999   -0.661417   
-0.035533   -0.030629   -0.023859   -0.016967   -0.011843   -0.008433   -0.006431   -0.008467   -0.015280   -0.025913   -0.039593   -0.055502   -0.072974   -0.091558   -0.110941   -0.130935   -0.151467   -0.172563   -0.194329   -0.216936   -0.240569   -0.265326   -0.291200   -0.318140   -0.346089   -0.374992   -0.404795   -0.435443   -0.466883   -0.499061   -0.531925   -0.565422   -0.599500   -0.634107   -0.669192   -0.704703   
-0.037441   -0.033428   -0.027427   -0.020489   -0.015250   -0.011835   -0.009858   -0.011959   -0.019117   -0.030303   -0.044674   -0.061365   -0.079703   -0.099222   -0.119602   -0.140655   -0.162310   -0.184599   -0.207641   -0.231613   -0.256706   -0.283003   -0.310485   -0.339094   -0.368772   -0.399460   -0.431099   -0.463633   -0.497004   -0.531155   -0.566031   -0.601576   -0.637733   -0.674448   -0.711665   -0.749331   
-0.039110   -0.035965   -0.030873   -0.024040   -0.018694   -0.015275   -0.013342   -0.015519   -0.023035   -0.034792   -0.049872   -0.067371   -0.086603   -0.107089   -0.128501   -0.150648   -0.173464   -0.196990   -0.221350   -0.246737   -0.273336   -0.301221   -0.330360   -0.360690   -0.392148   -0.424674   -0.458205   -0.492681   -0.528040   -0.564224   -0.601171   -0.638823   -0.677121   -0.716005   -0.755418   -0.795302   
-0.040569   -0.038237   -0.034135   -0.027619   -0.022176   -0.018757   -0.016887   -0.019148   -0.027036   -0.039381   -0.055190   -0.073521   -0.093677   -0.115161   -0.137638   -0.160916   -0.184933   -0.209736   -0.235460   -0.262307   -0.290460   -0.319981   -0.350825   -0.382925   -0.416217   -0.450635   -0.486113   -0.522587   -0.559993   -0.598267   -0.637345   -0.677165   -0.717664   -0.758779   -0.800450   -0.842614   
-0.041841   -0.040253   -0.037180   -0.031220   -0.025701   -0.022284   -0.020495   -0.022849   -0.031123   -0.044073   -0.060630   -0.079820   -0.100927   -0.123440   -0.147016   -0.171462   -0.196718   -0.222839   -0.249972   -0.278324   -0.308079   -0.339282   -0.371880   -0.405802   -0.440979   -0.477342   -0.514822   -0.553351   -0.592860   -0.633283   -0.674552   -0.716600   -0.759361   -0.802769   -0.846760   -0.891267   
-0.042962   -0.042045   -0.040012   -0.034835   -0.029269   -0.025861   -0.024169   -0.026622   -0.035297   -0.048868   -0.066195   -0.086269   -0.108356   -0.131929   -0.156638   -0.182286   -0.208820   -0.236302   -0.264886   -0.294790   -0.326193   -0.359125   -0.393525   -0.429320   -0.466434   -0.504796   -0.544333   -0.584973   -0.626643   -0.669273   -0.712792   -0.757128   -0.802212   -0.847975   -0.894347   -0.941260   
-0.043975   -0.043649   -0.042654   -0.038448   -0.032885   -0.029488   -0.027907   -0.030470   -0.039559   -0.053769   -0.071886   -0.092870   -0.115965   -0.140630   -0.166504   -0.193392   -0.221242   -0.250124   -0.280204   -0.311705   -0.344801   -0.379510   -0.415762   -0.453478   -0.492582   -0.532997   -0.574645   -0.617452   -0.661341   -0.706236   -0.752064   -0.798749   -0.846217   -0.894396   -0.943212   -0.992594   
-0.044914   -0.045090   -0.045121   -0.042036   -0.036548   -0.033170   -0.031709   -0.034393   -0.043912   -0.058777   -0.077706   -0.099625   -0.123757   -0.149543   -0.176616   -0.204779   -0.233984   -0.264308   -0.295925   -0.329069   -0.363905   -0.400437   -0.438588   -0.478277   -0.519422   -0.561943   -0.605758   -0.650788   -0.696953   -0.744173   -0.792368   -0.841462   -0.891376   -0.942032   -0.993354   -1.045266   
-0.045799   -0.046391   -0.047411   -0.045562   -0.040260   -0.036909   -0.035572   -0.038394   -0.048355   -0.063893   -0.083655   -0.106536   -0.131732   -0.158671   -0.186976   -0.216450   -0.247047   -0.278853   -0.312052   -0.346883   -0.383503   -0.421905   -0.462005   -0.503717   -0.546956   -0.591636   -0.637673   -0.684982   -0.733480   -0.783082   -0.833705   -0.885267   -0.937687   -0.990882   -1.044772   -1.099277   
-0.046642   -0.047585   -0.049513   -0.048984   -0.044021   -0.040705   -0.039498   -0.042472   -0.052890   -0.069118   -0.089737   -0.113603   -0.139893   -0.168015   -0.197586   -0.228405   -0.260433   -0.293762   -0.328584   -0.365146   -0.403597   -0.443915   -0.486012   -0.529798   -0.575182   -0.622075   -0.670388   -0.720033   -0.770920   -0.822963   -0.876073   -0.930164   -0.985150   -1.040946   -1.097466   -1.154626   
-0.047450   -0.048701   -0.051433   -0.052264   -0.047833   -0.044561   -0.043489   -0.046629   -0.057518   -0.074455   -0.095951   -0.120829   -0.148240   -0.177576   -0.208445   -0.240645   -0.274141   -0.309033   -0.345522   -0.383859   -0.424186   -0.466468   -0.510610   -0.556519   -0.604101   -0.653260   -0.703905   -0.755941   -0.809275   -0.863816   -0.919473   -0.976153   -1.033766   -1.092223   -1.151435   -1.211313   
-0.048230   -0.049764   -0.053191   -0.055378   -0.051693   -0.048479   -0.047547   -0.050867   -0.062241   -0.079904   -0.102299   -0.128215   -0.156774   -0.187354   -0.219555   -0.253172   -0.288174   -0.324668   -0.362866   -0.403023   -0.445270   -0.489562   -0.535798   -0.583881   -0.633712   -0.685191   -0.738222   -0.792705   -0.848544   -0.905642   -0.963903   -1.023232   -1.083534   -1.144714   -1.206680   -1.269337   
-0.048985   -0.050789   -0.054814   -0.058327   -0.055600   -0.052459   -0.051673   -0.055185   -0.067059   -0.085466   -0.108782   -0.135761   -0.165497   -0.197352   -0.230916   -0.265985   -0.302530   -0.340668   -0.380616   -0.422636   -0.466849   -0.513198   -0.561577   -0.611884   -0.664016   -0.717868   -0.773339   -0.830326   -0.888726   -0.948440   -1.009365   -1.071403   -1.134453   -1.198418   -1.263199   -1.328699   
-0.049721   -0.051785   -0.056323   -0.061126   -0.059552   -0.056503   -0.055867   -0.059585   -0.071972   -0.091143   -0.115402   -0.143468   -0.174410   -0.207570   -0.242530   -0.279086   -0.317212   -0.357032   -0.398773   -0.442700   -0.488924   -0.537375   -0.587946   -0.640528   -0.695012   -0.751291   -0.809257   -0.868803   -0.929822   -0.992209   -1.055858   -1.120664   -1.186524   -1.253334   -1.320992   -1.389397   
-0.050440   -0.052758   -0.057739   -0.063789   -0.063545   -0.060612   -0.060133   -0.064067   -0.076982   -0.096934   -0.122159   -0.151338   -0.183512   -0.218008   -0.254398   -0.292475   -0.332219   -0.373761   -0.417336   -0.463214   -0.511493   -0.562095   -0.614906   -0.669812   -0.726701   -0.785460   -0.845975   -0.908136   -0.971831   -1.036949   -1.103381   -1.171016   -1.239746   -1.309463   -1.380060   -1.451431   
-0.051147   -0.053712   -0.059084   -0.066320   -0.067573   -0.064787   -0.064469   -0.068633   -0.082090   -0.102841   -0.129054   -0.159371   -0.192806   -0.228667   -0.266519   -0.306152   -0.347552   -0.390855   -0.436307   -0.484179   -0.534558   -0.587357   -0.642456   -0.699737   -0.759083   -0.820374   -0.883494   -0.948326   -1.014754   -1.082661   -1.151934   -1.222458   -1.294119   -1.366804   -1.440402   -1.514802   
-0.051844   -0.054648   -0.060377   -0.068712   -0.071629   -0.069028   -0.068878   -0.073281   -0.087296   -0.108865   -0.136088   -0.167568   -0.202291   -0.239548   -0.278894   -0.320119   -0.363211   -0.408316   -0.455685   -0.505594   -0.558119   -0.613161   -0.670597   -0.730303   -0.792156   -0.856034   -0.921813   -0.989372   -1.058589   -1.129345   -1.201518   -1.274990   -1.349642   -1.425357   -1.502018   -1.579508   

